1 0.69765625 0.64140625 0.1203125 0.13359375
0 0.825 0.67109375 0.11796875 0.0671875
0 0.79765625 0.62890625 0.1 0.05078125
0 0.59921875 0.67421875 0.065625 0.05703125
0 0.59765625 0.62890625 0.103125 0.03984375
0 0.571875 0.60078125 0.09140625 0.03359375
0 0.54921875 0.58046875 0.0875 0.0390625
0 0.6703125 0.58515625 0.08984375 0.03984375
0 0.6390625 0.56640625 0.071875 0.0484375
0 0.9515625 0.59375 0.0703125 0.04609375
0 0.92734375 0.5734375 0.06640625 0.04921875
0 0.87109375 0.5453125 0.0734375 0.046875
0 0.83203125 0.52890625 0.06328125 0.03125
0 0.95703125 0.53046875 0.0609375 0.053125
0 0.9109375 0.5171875 0.04609375 0.0203125