1 0.76953125 0.79140625 0.0765625 0.12578125
1 0.60703125 0.5890625 0.06328125 0.08671875
1 0.5265625 0.50625 0.06640625 0.0859375
1 0.30546875 0.69140625 0.1 0.13125
1 0.8640625 0.91796875 0.0828125 0.134375
1 0.41953125 0.39140625 0.0515625 0.05703125
1 0.28203125 0.56953125 0.09140625 0.1046875
1 0.46796875 0.44453125 0.05625 0.0640625
1 0.3484375 0.29921875 0.04375 0.03984375
1 0.35390625 0.8859375 0.10703125 0.1765625
0 0.56328125 0.56328125 0.0578125 0.09140625
0 0.434375 0.43671875 0.04296875 0.059375
0 0.7109375 0.73671875 0.07890625 0.12578125
0 0.365625 0.74609375 0.1046875 0.11484375
1 0.9578125 0.95859375 0.07890625 0.08046875
0 0.31171875 0.609375 0.08359375 0.0609375
1 0.64921875 0.646875 0.065625 0.09765625
1 0.48984375 0.47890625 0.0421875 0.0609375
0 0.3875 0.396875 0.03671875 0.040625
0 0.38828125 0.365625 0.03828125 0.0359375
0 0.37734375 0.3453125 0.034375 0.03203125
0 0.3625 0.32265625 0.03203125 0.028125
0 0.30546875 0.2921875 0.01953125 0.0296875
0 0.30546875 0.27421875 0.0296875 0.02109375
1 0.328125 0.284375 0.02734375 0.0390625