1 0.76953125 0.79140625 0.0765625 0.12578125
1 0.5265625 0.50546875 0.06640625 0.08515625
1 0.60703125 0.5890625 0.06328125 0.08671875
1 0.3046875 0.690625 0.10078125 0.13046875
1 0.41953125 0.39140625 0.0515625 0.05703125
1 0.8640625 0.91796875 0.08203125 0.1359375
1 0.28203125 0.56953125 0.08984375 0.1046875
0 0.3578125 0.32578125 0.040625 0.0375
1 0.3484375 0.29921875 0.04140625 0.03828125
1 0.46875 0.44453125 0.05546875 0.06171875
1 0.353125 0.8859375 0.10859375 0.1765625
0 0.71171875 0.73359375 0.08203125 0.1234375
0 0.5640625 0.56328125 0.05546875 0.08828125
0 0.3875 0.36640625 0.04375 0.0390625
0 0.3109375 0.609375 0.07578125 0.0609375
1 0.95546875 0.95703125 0.08515625 0.08359375
0 0.30859375 0.27265625 0.03125 0.0265625
0 0.43515625 0.43359375 0.0390625 0.053125
1 0.3421875 0.74375 0.12734375 0.15078125
1 0.6515625 0.65 0.07109375 0.10625
1 0.49609375 0.475 0.046875 0.06171875
0 0.38828125 0.39921875 0.0375 0.0484375
0 0.37265625 0.3453125 0.0421875 0.0375
1 0.325 0.28359375 0.02265625 0.03828125
0 0.3078125 0.290625 0.02265625 0.02578125