1 0.86796875 0.89921875 0.1 0.17890625
1 0.36328125 0.86953125 0.11953125 0.20390625
1 0.7125 0.71796875 0.08203125 0.13671875
1 0.60859375 0.59296875 0.06484375 0.08984375
1 0.5625 0.55546875 0.065625 0.08046875
1 0.303125 0.703125 0.09921875 0.13125
1 0.33203125 0.77421875 0.11328125 0.16484375
1 0.65078125 0.64921875 0.07578125 0.1109375
1 0.40546875 0.3640625 0.05390625 0.06171875
1 0.525 0.50625 0.0734375 0.08828125
1 0.4296875 0.390625 0.0546875 0.053125
1 0.4390625 0.4640625 0.0484375 0.08359375
1 0.27578125 0.65078125 0.08671875 0.11171875
1 0.37109375 0.32421875 0.05546875 0.059375
1 0.78046875 0.7921875 0.07421875 0.125
1 0.253125 0.58671875 0.09609375 0.10703125
1 0.496875 0.47109375 0.05078125 0.06015625
1 0.96015625 0.953125 0.0765625 0.09375
0 0.3109375 0.27109375 0.02265625 0.0296875
0 0.32265625 0.28203125 0.0203125 0.03125
0 0.3359375 0.29375 0.02578125 0.03359375
0 0.3453125 0.3078125 0.021875 0.0296875