1 0.8609375 0.89296875 0.10390625 0.17890625
1 0.71171875 0.72578125 0.0875 0.1390625
1 0.78359375 0.80703125 0.071875 0.121875
1 0.96484375 0.95703125 0.06875 0.08359375
1 0.65390625 0.64921875 0.0859375 0.12578125
1 0.60546875 0.5921875 0.075 0.103125
1 0.5625 0.54296875 0.07890625 0.09921875
1 0.475 0.44140625 0.05546875 0.06484375
1 0.28984375 0.63203125 0.0796875 0.0984375
1 0.49609375 0.4765625 0.05546875 0.06328125
1 0.52890625 0.49765625 0.05546875 0.08203125
1 0.44375 0.40859375 0.046875 0.059375
1 0.421875 0.3875 0.053125 0.06796875
1 0.39375 0.36875 0.05625 0.06875
1 0.37734375 0.3265625 0.0484375 0.04921875
1 0.35859375 0.31171875 0.0421875 0.05546875
0 0.41328125 0.83359375 0.1 0.15078125
0 0.37109375 0.759375 0.0859375 0.121875
0 0.3359375 0.68515625 0.07265625 0.10546875