1 0.86328125 0.8953125 0.0984375 0.18125
1 0.71640625 0.7171875 0.078125 0.11953125
1 0.365625 0.86484375 0.11796875 0.1984375
1 0.32734375 0.77421875 0.12109375 0.16015625
1 0.44765625 0.41796875 0.05078125 0.05859375
1 0.6546875 0.64921875 0.08515625 0.128125
1 0.60546875 0.59140625 0.07421875 0.10390625
1 0.40546875 0.365625 0.0546875 0.06328125
1 0.25625 0.525 0.06484375 0.0890625
1 0.53359375 0.51015625 0.05859375 0.07578125
0 0.95625 0.95 0.0875 0.1
0 0.78359375 0.8171875 0.1203125 0.175
0 0.56640625 0.55546875 0.06328125 0.09609375
0 0.496875 0.4859375 0.04921875 0.0734375
0 0.4734375 0.45546875 0.04609375 0.06796875
0 0.41328125 0.39765625 0.03984375 0.06171875
0 0.375 0.346875 0.03046875 0.04609375
0 0.36328125 0.328125 0.02578125 0.03359375
0 0.34921875 0.30859375 0.0234375 0.0328125
0 0.3375 0.29375 0.02421875 0.03203125
0 0.325 0.28359375 0.02265625 0.0296875
0 0.3140625 0.26796875 0.02109375 0.028125
0 0.3390625 0.68515625 0.09609375 0.0953125
0 0.3125 0.63046875 0.090625 0.09453125
0 0.28671875 0.5703125 0.07890625 0.0828125