1 0.6078125 0.5890625 0.0640625 0.08671875
1 0.76953125 0.79140625 0.07734375 0.12578125
1 0.5265625 0.50546875 0.06640625 0.08671875
1 0.8640625 0.91796875 0.08203125 0.1359375
1 0.3484375 0.740625 0.1046875 0.1328125
1 0.30546875 0.690625 0.1 0.13046875
1 0.2828125 0.56953125 0.0890625 0.1046875
1 0.46875 0.44453125 0.05703125 0.06171875
1 0.40078125 0.3640625 0.05859375 0.0609375
1 0.3484375 0.29921875 0.04453125 0.03984375
1 0.35390625 0.88671875 0.1078125 0.178125
0 0.7109375 0.7359375 0.08359375 0.1234375
0 0.5625 0.5640625 0.05703125 0.0890625
1 0.96328125 0.959375 0.07109375 0.07890625
0 0.3796875 0.340625 0.03046875 0.03984375
0 0.31171875 0.6109375 0.07109375 0.065625
1 0.64921875 0.6453125 0.0640625 0.09453125
1 0.49296875 0.47421875 0.0453125 0.06640625
1 0.4375 0.4171875 0.0390625 0.06328125
1 0.41640625 0.38984375 0.04609375 0.05390625
1 0.33125 0.2828125 0.034375 0.03125
0 0.36640625 0.32265625 0.034375 0.0390625
0 0.30703125 0.290625 0.0203125 0.0265625
0 0.3078125 0.27109375 0.0265625 0.021875