1 0.8640625 0.89609375 0.0984375 0.18125
1 0.71640625 0.71796875 0.078125 0.1203125
1 0.53359375 0.5109375 0.05859375 0.07578125
1 0.365625 0.8640625 0.1171875 0.19921875
1 0.328125 0.77421875 0.11953125 0.159375
1 0.44765625 0.41796875 0.05078125 0.059375
1 0.60625 0.5921875 0.0734375 0.1046875
1 0.6546875 0.65 0.084375 0.128125
1 0.40546875 0.365625 0.0546875 0.06328125
0 0.9484375 0.95234375 0.0875 0.0953125
0 0.7796875 0.83203125 0.1046875 0.17890625
0 0.5640625 0.5546875 0.06875 0.08671875
0 0.50234375 0.4921875 0.05 0.06796875
0 0.4734375 0.45859375 0.04453125 0.06484375
0 0.41953125 0.39375 0.04609375 0.05
0 0.378125 0.3484375 0.028125 0.03984375
0 0.3625 0.3265625 0.025 0.0375
0 0.35078125 0.31171875 0.02109375 0.03359375
0 0.3375 0.29375 0.01875 0.0296875
0 0.32578125 0.2796875 0.01875 0.02890625
0 0.31484375 0.265625 0.01796875 0.02890625
0 0.33984375 0.67421875 0.1 0.10625
0 0.31796875 0.6265625 0.0765625 0.09375
0 0.28671875 0.56796875 0.06640625 0.07578125