1 0.7703125 0.79296875 0.0765625 0.1265625
1 0.60703125 0.590625 0.06328125 0.08828125
1 0.5265625 0.50625 0.06640625 0.0859375
1 0.86484375 0.91796875 0.08203125 0.1359375
1 0.3234375 0.76015625 0.11953125 0.1609375
1 0.46875 0.44453125 0.05546875 0.0640625
1 0.2828125 0.64140625 0.08671875 0.09609375
1 0.41953125 0.39140625 0.05234375 0.05703125
1 0.37109375 0.32890625 0.04375 0.046875
0 0.7109375 0.73828125 0.08125 0.13203125
1 0.33125 0.28203125 0.0375 0.0390625
0 0.5625 0.5640625 0.05703125 0.090625
1 0.96171875 0.95859375 0.07578125 0.08046875
1 0.278125 0.5609375 0.08046875 0.09296875
1 0.25546875 0.515625 0.07265625 0.05078125
0 0.43671875 0.43203125 0.03671875 0.0515625
1 0.6515625 0.64453125 0.07265625 0.1015625
1 0.353125 0.8703125 0.11953125 0.17578125
1 0.3125 0.6609375 0.09609375 0.0703125
1 0.49453125 0.4703125 0.04609375 0.06953125
1 0.396875 0.37109375 0.04375 0.04296875
0 0.3734375 0.37109375 0.03515625 0.05625
0 0.34375 0.33828125 0.028125 0.0453125
1 0.35 0.29765625 0.040625 0.0453125
1 0.32421875 0.26484375 0.03203125 0.04765625
0 0.29765625 0.2765625 0.028125 0.0375