1 0.76953125 0.79140625 0.07578125 0.12578125
1 0.5265625 0.50625 0.0671875 0.0859375
1 0.60703125 0.590625 0.06328125 0.08828125
1 0.8640625 0.91875 0.08203125 0.13515625
1 0.41953125 0.39140625 0.05234375 0.05703125
0 0.65625 0.66796875 0.08046875 0.1234375
1 0.46875 0.44453125 0.05546875 0.0640625
1 0.3234375 0.76015625 0.1203125 0.1609375
1 0.37109375 0.33046875 0.04375 0.0484375
1 0.28515625 0.640625 0.08359375 0.096875
1 0.32578125 0.26640625 0.03359375 0.03671875
1 0.2578125 0.528125 0.06796875 0.078125
0 0.56328125 0.5609375 0.05625 0.08828125
0 0.290625 0.57109375 0.078125 0.07578125
0 0.39296875 0.35703125 0.03515625 0.05
1 0.96015625 0.95703125 0.0765625 0.084375
0 0.7109375 0.73125 0.08359375 0.11875
1 0.353125 0.86328125 0.1265625 0.153125
1 0.30859375 0.66953125 0.1 0.0890625
1 0.49609375 0.4765625 0.04921875 0.0578125
0 0.42734375 0.440625 0.034375 0.05546875
0 0.384375 0.396875 0.0296875 0.05078125
0 0.3390625 0.33828125 0.02578125 0.0390625
1 0.34765625 0.30078125 0.04296875 0.0359375
0 0.3171875 0.30078125 0.025 0.0390625
0 0.30078125 0.275 0.02265625 0.0265625