1 0.76953125 0.79140625 0.07734375 0.128125
1 0.6078125 0.590625 0.0640625 0.08828125
1 0.5265625 0.50625 0.06640625 0.0859375
1 0.8640625 0.91796875 0.08203125 0.1359375
1 0.3234375 0.76015625 0.11953125 0.1609375
1 0.46875 0.44453125 0.05546875 0.0640625
1 0.41875 0.39140625 0.0515625 0.05703125
1 0.37109375 0.33046875 0.04375 0.04609375
1 0.2828125 0.6421875 0.08515625 0.0953125
0 0.7125 0.73359375 0.08125 0.13203125
0 0.5625 0.56328125 0.05859375 0.09140625
1 0.33125 0.28203125 0.03671875 0.0390625
1 0.96015625 0.95703125 0.07890625 0.08359375
1 0.6484375 0.653125 0.0640625 0.10390625
1 0.3609375 0.87109375 0.0984375 0.184375
1 0.315625 0.65859375 0.09296875 0.078125
1 0.27265625 0.56015625 0.08046875 0.0671875
1 0.490625 0.47734375 0.040625 0.06875
0 0.42890625 0.4375 0.04609375 0.06171875
1 0.39296875 0.371875 0.0328125 0.0578125
0 0.36953125 0.36875 0.03046875 0.0421875
0 0.33984375 0.334375 0.02578125 0.0390625
1 0.34453125 0.29765625 0.04140625 0.03203125
1 0.32109375 0.26171875 0.025 0.04375
0 0.2984375 0.27421875 0.02421875 0.02421875