1 0.71640625 0.7171875 0.078125 0.11953125
1 0.365625 0.8640625 0.11796875 0.196875
1 0.60625 0.59296875 0.0734375 0.10625
1 0.328125 0.77421875 0.1203125 0.159375
1 0.44765625 0.4171875 0.05078125 0.05625
1 0.86328125 0.88671875 0.096875 0.16484375
1 0.40546875 0.365625 0.0546875 0.06171875
1 0.25625 0.52421875 0.06484375 0.084375
1 0.53359375 0.5109375 0.05859375 0.0765625
0 0.946875 0.940625 0.10390625 0.11875
0 0.78671875 0.80859375 0.1109375 0.17421875
0 0.659375 0.66640625 0.0921875 0.13671875
0 0.5703125 0.55703125 0.059375 0.08359375
0 0.50078125 0.48828125 0.05234375 0.07890625
0 0.4734375 0.45625 0.04375 0.07265625
0 0.42734375 0.38359375 0.03359375 0.05625
0 0.38359375 0.33984375 0.02734375 0.0453125
0 0.36875 0.325 0.025 0.0390625
0 0.3578125 0.3125 0.025 0.03828125
0 0.3453125 0.29375 0.0234375 0.0390625
0 0.33125 0.2765625 0.01953125 0.0328125
0 0.3140625 0.26796875 0.0234375 0.0359375
0 0.33046875 0.684375 0.0921875 0.12421875
0 0.3109375 0.63828125 0.08984375 0.115625
0 0.28984375 0.57421875 0.0828125 0.1