1 0.5296875 0.50390625 0.06484375 0.0734375
1 0.6078125 0.5984375 0.06015625 0.0796875
1 0.4640625 0.44765625 0.0578125 0.053125
1 0.32578125 0.790625 0.11796875 0.14375
0 0.65390625 0.66796875 0.084375 0.1265625
1 0.28046875 0.640625 0.08984375 0.115625
0 0.95078125 0.95703125 0.09453125 0.08359375
1 0.33515625 0.27890625 0.0375 0.04140625
0 0.86328125 0.91015625 0.12421875 0.178125
0 0.5640625 0.56875 0.06484375 0.0984375
0 0.39453125 0.3609375 0.03515625 0.04921875
0 0.35859375 0.32578125 0.0296875 0.03671875
0 0.353125 0.30546875 0.03046875 0.040625
0 0.49453125 0.48515625 0.04609375 0.0703125
1 0.37890625 0.85625 0.1234375 0.1640625
1 0.3046875 0.69453125 0.096875 0.13359375
1 0.28203125 0.5484375 0.08515625 0.0859375
0 0.77421875 0.83984375 0.0984375 0.14296875
0 0.70625 0.75 0.0765625 0.11875
1 0.43671875 0.41875 0.0453125 0.04765625
0 0.4015625 0.3859375 0.03359375 0.04453125
0 0.371875 0.34453125 0.0265625 0.034375
1 0.3140625 0.271875 0.0234375 0.0390625
1 0.30859375 0.2515625 0.03671875 0.03203125