1 0.8625 0.89296875 0.09921875 0.178125
1 0.78359375 0.809375 0.07265625 0.128125
1 0.71171875 0.72578125 0.08671875 0.13671875
1 0.96484375 0.95703125 0.06953125 0.08359375
1 0.60625 0.59140625 0.07421875 0.10078125
1 0.32890625 0.75859375 0.13046875 0.1546875
1 0.6546875 0.64921875 0.084375 0.12578125
1 0.5625 0.54453125 0.0796875 0.10390625
1 0.475 0.44140625 0.05546875 0.06484375
1 0.49609375 0.47734375 0.04765625 0.06171875
1 0.5328125 0.503125 0.0625 0.078125
1 0.359375 0.8578125 0.13984375 0.20625
1 0.44765625 0.4125 0.04375 0.06015625
1 0.42109375 0.390625 0.06015625 0.0671875
1 0.396875 0.3671875 0.0625 0.0625
1 0.37890625 0.33046875 0.0484375 0.04921875
1 0.3546875 0.3109375 0.04140625 0.05234375
1 0.33203125 0.65234375 0.08046875 0.07890625
1 0.29453125 0.6046875 0.0734375 0.06328125
1 0.2875 0.55078125 0.07265625 0.06484375