1 0.71640625 0.7171875 0.078125 0.11953125
1 0.36640625 0.8640625 0.11796875 0.196875
1 0.60625 0.59296875 0.07421875 0.10625
1 0.44765625 0.41796875 0.05078125 0.05625
1 0.3375 0.7609375 0.11953125 0.15546875
1 0.40546875 0.365625 0.05390625 0.06328125
1 0.25625 0.52734375 0.06640625 0.08984375
1 0.53359375 0.5109375 0.05859375 0.075
1 0.86640625 0.89140625 0.14296875 0.18984375
0 0.9546875 0.95234375 0.0875 0.0953125
0 0.77890625 0.8078125 0.12890625 0.20390625
0 0.65390625 0.66875 0.078125 0.11875
0 0.56875 0.54375 0.0625 0.09453125
0 0.50390625 0.46796875 0.0515625 0.0734375
0 0.48125 0.4390625 0.04609375 0.0671875
0 0.42578125 0.38671875 0.0421875 0.05078125
0 0.38671875 0.34140625 0.0296875 0.03671875
0 0.37109375 0.3265625 0.028125 0.0390625
0 0.3578125 0.309375 0.025 0.034375
0 0.3453125 0.29296875 0.02578125 0.034375
0 0.33125 0.2765625 0.021875 0.0328125
0 0.3125 0.265625 0.02421875 0.03125
0 0.33984375 0.66640625 0.09921875 0.0953125
0 0.30625 0.6453125 0.0875 0.09609375
0 0.28828125 0.57578125 0.0765625 0.09140625