1 0.6859375 0.49765625 0.12109375 0.15078125
1 0.3609375 0.26015625 0.0703125 0.0609375
1 0.5578125 0.38671875 0.10234375 0.11328125
0 0.25078125 0.57265625 0.125 0.1203125
1 0.240625 0.48828125 0.09765625 0.15625
0 0.80703125 0.60859375 0.18359375 0.18203125
0 0.93046875 0.73515625 0.13828125 0.33984375
1 0.30546875 0.796875 0.23359375 0.35234375
1 0.6109375 0.4359375 0.10546875 0.12734375
1 0.4984375 0.3671875 0.08671875 0.1265625
0 0.41953125 0.39453125 0.07265625 0.0734375
0 0.396875 0.36328125 0.06953125 0.04921875
0 0.38359375 0.34296875 0.06171875 0.0421875
0 0.3640625 0.31953125 0.05625 0.0296875
0 0.3515625 0.30546875 0.0546875 0.03515625
0 0.21484375 0.37109375 0.0953125 0.078125