1 0.76953125 0.79140625 0.07734375 0.128125
1 0.5265625 0.50625 0.06640625 0.0859375
1 0.41953125 0.39140625 0.0515625 0.05703125
1 0.8640625 0.91796875 0.08203125 0.1359375
1 0.3234375 0.76015625 0.11953125 0.1609375
1 0.46875 0.44453125 0.05625 0.0640625
1 0.37109375 0.33125 0.04375 0.046875
1 0.60703125 0.58984375 0.06328125 0.0890625
0 0.65546875 0.66796875 0.08203125 0.1265625
1 0.284375 0.640625 0.08359375 0.096875
0 0.95234375 0.959375 0.0921875 0.07890625
1 0.3265625 0.26875 0.03359375 0.03671875
0 0.56328125 0.56328125 0.0578125 0.09140625
1 0.25703125 0.5296875 0.06875 0.0796875
0 0.28984375 0.57109375 0.07890625 0.07421875
0 0.39296875 0.35703125 0.03359375 0.05
1 0.35703125 0.86796875 0.109375 0.1546875
1 0.31015625 0.66328125 0.109375 0.09921875
0 0.70859375 0.74140625 0.07734375 0.125
1 0.490625 0.478125 0.0390625 0.05703125
0 0.43984375 0.428125 0.0390625 0.04921875
0 0.384375 0.3953125 0.0328125 0.05234375
0 0.33828125 0.33828125 0.02265625 0.02890625
1 0.34375 0.3 0.03828125 0.03203125
0 0.315625 0.3046875 0.021875 0.02890625
1 0.30703125 0.2546875 0.028125 0.03671875