1 0.6859375 0.49765625 0.12109375 0.15078125
1 0.36171875 0.26015625 0.06953125 0.0609375
1 0.55703125 0.38671875 0.1015625 0.1109375
1 0.2390625 0.4890625 0.0984375 0.15546875
0 0.371875 0.340625 0.04609375 0.034375
0 0.80625 0.60859375 0.1828125 0.18828125
1 0.30546875 0.73203125 0.16328125 0.21875
0 0.92890625 0.72734375 0.14140625 0.19921875
1 0.609375 0.43671875 0.07421875 0.13671875
1 0.48671875 0.35 0.06171875 0.1078125
0 0.26796875 0.5921875 0.17578125 0.13984375
0 0.41796875 0.3875 0.04921875 0.059375
0 0.39765625 0.35703125 0.0484375 0.0390625
0 0.3515625 0.32265625 0.0375 0.028125
0 0.3375 0.3078125 0.034375 0.0234375