1 0.6078125 0.5890625 0.0640625 0.08671875
1 0.7703125 0.79296875 0.0765625 0.1265625
1 0.5265625 0.50546875 0.06640625 0.08671875
1 0.8640625 0.91796875 0.08203125 0.134375
1 0.30546875 0.69140625 0.1 0.128125
1 0.3484375 0.29921875 0.04296875 0.03984375
1 0.28203125 0.56953125 0.09140625 0.103125
1 0.4015625 0.3640625 0.0578125 0.0609375
1 0.353125 0.8859375 0.1078125 0.17890625
1 0.46796875 0.44453125 0.05703125 0.06171875
0 0.71171875 0.73359375 0.08359375 0.13203125
0 0.5625 0.565625 0.05859375 0.09140625
1 0.95625 0.95703125 0.08359375 0.084375
0 0.3734375 0.34453125 0.0359375 0.0359375
1 0.6484375 0.64296875 0.07890625 0.10703125
1 0.496875 0.4765625 0.05703125 0.05625
1 0.4484375 0.4109375 0.0515625 0.06484375
1 0.41640625 0.390625 0.04921875 0.0484375
0 0.36171875 0.32421875 0.03515625 0.0390625
1 0.33359375 0.2828125 0.03828125 0.0328125
0 0.30546875 0.2890625 0.0234375 0.025
0 0.30625 0.26953125 0.03671875 0.021875
1 0.33984375 0.75 0.12109375 0.14453125
1 0.3265625 0.584375 0.10390625 0.13203125