0 0.96796875 0.9671875 0.0609375 0.065625
0 0.9109375 0.96328125 0.07109375 0.05546875
0 0.85078125 0.96171875 0.0734375 0.07109375
0 0.7921875 0.9625 0.06640625 0.06484375
0 0.728125 0.95859375 0.06484375 0.075
0 0.6703125 0.94921875 0.0578125 0.0734375
0 0.61015625 0.9421875 0.06015625 0.07421875
0 0.546875 0.93984375 0.0640625 0.07578125
0 0.9625 0.90546875 0.07109375 0.0609375
0 0.90546875 0.90078125 0.0734375 0.05859375
0 0.846875 0.89765625 0.0671875 0.0546875
0 0.79140625 0.8984375 0.0640625 0.05859375
0 0.73125 0.890625 0.06328125 0.06328125
1 0.6796875 0.83984375 0.0578125 0.115625
0 0.62265625 0.878125 0.05625 0.06640625
1 0.5625 0.83671875 0.05546875 0.11875
0 0.9375 0.79609375 0.059375 0.0515625
1 0.88671875 0.77265625 0.0390625 0.078125
0 0.8390625 0.78984375 0.05703125 0.04296875
0 0.7890625 0.784375 0.05859375 0.04296875
0 0.740625 0.7796875 0.0578125 0.03984375
0 0.6921875 0.77578125 0.053125 0.03828125
0 0.64296875 0.771875 0.0546875 0.03671875
0 0.59765625 0.76953125 0.04453125 0.03828125
0 0.92890625 0.7546875 0.0546875 0.04140625
0 0.8375 0.75078125 0.05078125 0.03125
0 0.790625 0.7484375 0.0546875 0.03046875
0 0.74375 0.74453125 0.05625 0.034375
0 0.7 0.73828125 0.05234375 0.03828125
0 0.65 0.73671875 0.05234375 0.03125
0 0.6046875 0.73359375 0.04765625 0.0328125
0 0.96015625 0.6890625 0.04609375 0.03359375
0 0.91640625 0.68515625 0.0484375 0.03125
0 0.87421875 0.6859375 0.046875 0.034375
0 0.83125 0.678125 0.05234375 0.03046875
0 0.7921875 0.67734375 0.046875 0.03203125
0 0.74765625 0.675 0.05078125 0.028125
0 0.70859375 0.6703125 0.04765625 0.025
0 0.665625 0.66875 0.0453125 0.02578125
0 0.625 0.66328125 0.040625 0.03125