1 0.58671875 0.69921875 0.12734375 0.10078125
1 0.86796875 0.9 0.10078125 0.1796875
1 0.34140625 0.3390625 0.04140625 0.06015625
1 0.3640625 0.86953125 0.11953125 0.2046875
1 0.5625 0.55546875 0.065625 0.08046875
1 0.7125 0.71796875 0.08203125 0.13671875
1 0.3328125 0.77421875 0.11328125 0.16640625
1 0.60859375 0.59375 0.06484375 0.090625
1 0.303125 0.703125 0.09921875 0.13125
1 0.42890625 0.390625 0.05390625 0.053125
1 0.40546875 0.36484375 0.05390625 0.06328125
1 0.78046875 0.79296875 0.07421875 0.12421875
1 0.525 0.50703125 0.07265625 0.0859375
1 0.4953125 0.47109375 0.04609375 0.0609375
1 0.25390625 0.584375 0.09609375 0.103125
1 0.27578125 0.646875 0.08671875 0.10546875
1 0.9640625 0.965625 0.071875 0.06875
0 0.45625 0.4734375 0.05703125 0.053125
0 0.4421875 0.4390625 0.05390625 0.0453125
0 0.3671875 0.3765625 0.0328125 0.0375
0 0.37734375 0.34375 0.028125 0.03046875
0 0.33203125 0.2984375 0.0421875 0.0234375
0 0.31875 0.284375 0.04375 0.025
0 0.30703125 0.2703125 0.03671875 0.02578125