1 0.6078125 0.5984375 0.06015625 0.0796875
1 0.5296875 0.50390625 0.06484375 0.0734375
1 0.32578125 0.790625 0.11796875 0.14375
1 0.46328125 0.44765625 0.05859375 0.0546875
1 0.421875 0.38984375 0.05390625 0.05
0 0.95078125 0.95859375 0.09453125 0.08125
1 0.28046875 0.640625 0.09140625 0.1140625
0 0.7765625 0.82109375 0.10703125 0.16484375
0 0.6515625 0.67109375 0.0859375 0.121875
1 0.3359375 0.28046875 0.03671875 0.040625
0 0.56328125 0.56953125 0.06640625 0.09921875
0 0.3953125 0.3609375 0.03515625 0.046875
0 0.49296875 0.4859375 0.0484375 0.07109375
0 0.3515625 0.30703125 0.03515625 0.04296875
0 0.85 0.9109375 0.10859375 0.165625
0 0.70859375 0.7421875 0.084375 0.11796875
1 0.38125 0.84453125 0.1203125 0.15546875
1 0.315625 0.675 0.06953125 0.1015625
1 0.29453125 0.55390625 0.071875 0.0921875
1 0.43671875 0.4171875 0.040625 0.05625
0 0.37734375 0.34609375 0.03515625 0.034375
0 0.3625 0.328125 0.0296875 0.03828125
1 0.315625 0.27109375 0.01875 0.0453125
1 0.30546875 0.25625 0.02109375 0.0375