1 0.76953125 0.79296875 0.0765625 0.1265625
1 0.6078125 0.590625 0.0640625 0.08828125
1 0.5265625 0.50625 0.06640625 0.0859375
1 0.8640625 0.91796875 0.08203125 0.134375
1 0.3234375 0.76015625 0.11875 0.1609375
1 0.41953125 0.39140625 0.05234375 0.05703125
0 0.37421875 0.3734375 0.03671875 0.06015625
1 0.37109375 0.33046875 0.04296875 0.04609375
1 0.46875 0.44453125 0.05546875 0.0640625
1 0.3109375 0.6546875 0.10546875 0.0703125
1 0.28359375 0.64140625 0.084375 0.09609375
0 0.71171875 0.72890625 0.08359375 0.1359375
0 0.29140625 0.56875 0.08046875 0.06875
0 0.56171875 0.56640625 0.05859375 0.09296875
1 0.33125 0.28203125 0.03671875 0.0390625
1 0.9609375 0.95703125 0.07578125 0.08359375
1 0.25390625 0.528125 0.078125 0.07578125
0 0.43671875 0.43203125 0.03515625 0.0546875
1 0.65625 0.65078125 0.06875 0.1125
1 0.3640625 0.8703125 0.13203125 0.1703125
1 0.49296875 0.471875 0.04921875 0.0640625
1 0.39765625 0.371875 0.0359375 0.046875
0 0.34140625 0.3359375 0.025 0.04921875
1 0.3484375 0.30078125 0.04375 0.04765625
1 0.325 0.26328125 0.03828125 0.0359375
0 0.3 0.271875 0.02578125 0.0328125