1 0.8625 0.8921875 0.09921875 0.1765625
1 0.78359375 0.80703125 0.07265625 0.12421875
1 0.96484375 0.95703125 0.06875 0.08359375
1 0.7125 0.72578125 0.08671875 0.1390625
1 0.60546875 0.59140625 0.07421875 0.10078125
1 0.6546875 0.64921875 0.08515625 0.1265625
1 0.2875 0.63359375 0.0859375 0.10078125
1 0.475 0.44140625 0.05546875 0.0640625
1 0.49609375 0.478125 0.05625 0.06484375
1 0.5625 0.54453125 0.07578125 0.10390625
1 0.52890625 0.49921875 0.05703125 0.07578125
1 0.45078125 0.4125 0.04375 0.04765625
1 0.4234375 0.3828125 0.06484375 0.05546875
1 0.39453125 0.3625 0.0609375 0.0640625
1 0.37578125 0.328125 0.05078125 0.05078125
1 0.35546875 0.30859375 0.04296875 0.04765625
1 0.27734375 0.5578125 0.09140625 0.09140625
0 0.40625 0.83515625 0.10546875 0.1546875
0 0.3703125 0.7515625 0.0890625 0.109375
0 0.3390625 0.6796875 0.07421875 0.1078125