1 0.86328125 0.8953125 0.09921875 0.18125
1 0.71640625 0.7171875 0.07734375 0.11953125
1 0.365625 0.86484375 0.11796875 0.1984375
1 0.32734375 0.77421875 0.12265625 0.16015625
1 0.60625 0.59140625 0.07421875 0.10546875
1 0.5203125 0.59609375 0.06484375 0.12421875
1 0.40546875 0.365625 0.05390625 0.06328125
1 0.6546875 0.65 0.084375 0.1296875
1 0.53359375 0.51171875 0.05859375 0.07890625
1 0.25546875 0.528125 0.06640625 0.09375
1 0.44765625 0.41796875 0.0515625 0.05859375
0 0.946875 0.95078125 0.10625 0.0953125
0 0.78203125 0.80546875 0.08203125 0.14375
0 0.5 0.484375 0.03984375 0.065625
0 0.475 0.45390625 0.03671875 0.06484375
0 0.409375 0.41171875 0.0328125 0.059375
0 0.35859375 0.35859375 0.021875 0.034375
0 0.3453125 0.33828125 0.0234375 0.0328125
0 0.3359375 0.321875 0.01953125 0.034375
0 0.32421875 0.30625 0.021875 0.02890625
0 0.315625 0.28828125 0.0203125 0.02890625
0 0.30390625 0.27578125 0.01953125 0.0296875
0 0.33671875 0.67421875 0.0640625 0.075
0 0.3234375 0.62421875 0.06875 0.090625
0 0.29453125 0.56484375 0.0640625 0.0953125
0 0.3703125 0.37734375 0.02421875 0.0375