1 0.8625 0.89140625 0.09921875 0.17421875
1 0.3828125 0.81875 0.1328125 0.19453125
1 0.78359375 0.80546875 0.07265625 0.11796875
1 0.96484375 0.95703125 0.06953125 0.08359375
1 0.7125 0.72578125 0.08671875 0.1390625
1 0.6546875 0.64765625 0.08515625 0.1234375
1 0.60625 0.59140625 0.07421875 0.1
1 0.5625 0.54296875 0.0796875 0.1
1 0.328125 0.76015625 0.128125 0.159375
1 0.5265625 0.50078125 0.053125 0.07890625
1 0.49375 0.47890625 0.0515625 0.0640625
1 0.471875 0.44609375 0.0484375 0.05859375
1 0.44453125 0.4140625 0.04609375 0.0609375
1 0.41953125 0.38828125 0.05546875 0.05859375
1 0.39140625 0.36640625 0.0515625 0.0625
1 0.371875 0.33046875 0.03984375 0.05390625
1 0.35546875 0.3125 0.03671875 0.04921875
1 0.309375 0.65703125 0.109375 0.0984375
1 0.290625 0.603125 0.08046875 0.06015625
1 0.2796875 0.55625 0.084375 0.06953125