0 0.9671875 0.965625 0.065625 0.06875
0 0.909375 0.9671875 0.065625 0.065625
0 0.84765625 0.96484375 0.06796875 0.05859375
0 0.7859375 0.959375 0.06875 0.05859375
0 0.73046875 0.95703125 0.06640625 0.0625
0 0.67734375 0.95625 0.053125 0.0796875
0 0.60625 0.953125 0.053125 0.09375
0 0.5484375 0.95078125 0.053125 0.096875
0 0.96015625 0.9 0.06875 0.06328125
0 0.896875 0.90078125 0.07890625 0.06484375
0 0.84375 0.89765625 0.0671875 0.05
0 0.790625 0.8921875 0.06328125 0.05078125
0 0.7359375 0.8921875 0.06171875 0.05390625
0 0.6203125 0.88125 0.0546875 0.05546875
0 0.565625 0.875 0.05625 0.0609375
0 0.940625 0.8 0.053125 0.03671875
0 0.8375 0.78828125 0.05234375 0.046875
0 0.78671875 0.78984375 0.05234375 0.046875
0 0.73984375 0.7875 0.05234375 0.03828125
1 0.671875 0.8359375 0.06796875 0.1125
0 0.6890625 0.78203125 0.046875 0.0421875
0 0.60078125 0.76796875 0.03984375 0.03984375
0 0.640625 0.7765625 0.04375 0.04921875
0 0.93125 0.74453125 0.05390625 0.0484375
0 0.8328125 0.7390625 0.0484375 0.0296875
0 0.78671875 0.74375 0.05234375 0.0359375
0 0.74296875 0.7421875 0.05390625 0.040625
0 0.70078125 0.7390625 0.05 0.04921875
0 0.60859375 0.73046875 0.034375 0.053125
0 0.65 0.7375 0.05 0.0453125
1 0.8890625 0.7609375 0.05703125 0.096875
0 0.9203125 0.68359375 0.05234375 0.03828125
0 0.953125 0.68515625 0.0453125 0.02265625
0 0.8734375 0.684375 0.046875 0.0359375
0 0.83125 0.6890625 0.05078125 0.0296875
0 0.75 0.66953125 0.04609375 0.0359375
0 0.78984375 0.6734375 0.04296875 0.028125
1 0.62578125 0.6390625 0.03046875 0.0734375
0 0.66953125 0.66640625 0.0453125 0.04375
0 0.7078125 0.671875 0.0484375 0.04375