1 0.6078125 0.5890625 0.0640625 0.08671875
1 0.76953125 0.79140625 0.07734375 0.128125
1 0.5265625 0.50625 0.06640625 0.084375
1 0.696875 0.73671875 0.0765625 0.11328125
1 0.8640625 0.91796875 0.08203125 0.1359375
1 0.309375 0.6640625 0.103125 0.08125
1 0.284375 0.64140625 0.08359375 0.0984375
1 0.3234375 0.76015625 0.11953125 0.1609375
1 0.41953125 0.39140625 0.0515625 0.05546875
1 0.37109375 0.32890625 0.04375 0.046875
1 0.46875 0.44453125 0.05546875 0.0640625
1 0.25625 0.52890625 0.06953125 0.08046875
0 0.434375 0.4359375 0.03984375 0.05625
0 0.28984375 0.56875 0.08515625 0.0609375
0 0.56171875 0.565625 0.05703125 0.09140625
1 0.32578125 0.26796875 0.03359375 0.0359375
1 0.96640625 0.9609375 0.06640625 0.0765625
1 0.65234375 0.64296875 0.0703125 0.10859375
1 0.35390625 0.871875 0.13984375 0.17734375
1 0.49609375 0.47265625 0.0484375 0.0609375
1 0.40234375 0.371875 0.0453125 0.04609375
0 0.37109375 0.3671875 0.03359375 0.05390625
0 0.33984375 0.33671875 0.02578125 0.040625
1 0.34921875 0.2984375 0.04453125 0.03828125
0 0.31796875 0.29921875 0.03125 0.03671875
0 0.3015625 0.2734375 0.021875 0.0296875