1 0.86015625 0.89296875 0.10546875 0.178125
1 0.4609375 0.7234375 0.0828125 0.15859375
1 0.78359375 0.80625 0.07265625 0.1203125
1 0.96484375 0.95703125 0.06953125 0.08359375
1 0.60546875 0.58984375 0.07421875 0.0984375
1 0.45546875 0.5296875 0.04765625 0.078125
1 0.71171875 0.72578125 0.08671875 0.13984375
1 0.328125 0.765625 0.12734375 0.16875
1 0.475 0.4421875 0.05703125 0.0640625
1 0.6546875 0.6484375 0.08515625 0.12421875
1 0.5328125 0.50078125 0.0625 0.07578125
1 0.5625 0.54453125 0.07890625 0.103125
1 0.4421875 0.41328125 0.0421875 0.05546875
1 0.41953125 0.3875 0.05234375 0.06171875
1 0.3953125 0.3671875 0.0546875 0.06328125
1 0.37890625 0.33359375 0.04921875 0.05390625
1 0.359375 0.31171875 0.04296875 0.05234375
0 0.396875 0.8421875 0.09453125 0.11640625
1 0.3140625 0.659375 0.109375 0.103125
1 0.2953125 0.6015625 0.071875 0.05546875
1 0.28828125 0.5546875 0.084375 0.07109375