1 0.76953125 0.79140625 0.07578125 0.12578125
1 0.6078125 0.5890625 0.0640625 0.08671875
1 0.5265625 0.50546875 0.06640625 0.08515625
1 0.8640625 0.91796875 0.08203125 0.1359375
1 0.30546875 0.690625 0.10078125 0.13046875
1 0.41953125 0.39140625 0.0515625 0.05703125
1 0.46875 0.44453125 0.05546875 0.0640625
1 0.34921875 0.29921875 0.04375 0.03984375
1 0.28203125 0.56953125 0.08984375 0.1046875
1 0.353125 0.8859375 0.1078125 0.1765625
0 0.7125 0.73125 0.08515625 0.13203125
0 0.5640625 0.5609375 0.0578125 0.09140625
0 0.43671875 0.43203125 0.03984375 0.05546875
1 0.95859375 0.95703125 0.07890625 0.08359375
1 0.64921875 0.6515625 0.065625 0.096875
1 0.3375 0.7421875 0.11796875 0.12421875
0 0.31328125 0.61015625 0.07890625 0.0890625
1 0.49375 0.478125 0.0421875 0.0640625
0 0.384375 0.39765625 0.0359375 0.04921875
0 0.3734375 0.3734375 0.0390625 0.0359375
0 0.3625 0.35390625 0.0375 0.03046875
0 0.3546875 0.3328125 0.03828125 0.0328125
1 0.32578125 0.284375 0.02421875 0.03828125
0 0.30546875 0.2921875 0.02734375 0.02890625
0 0.30703125 0.275 0.034375 0.025