0 0.96875 0.9671875 0.0625 0.065625
0 0.9109375 0.9640625 0.08125 0.071875
0 0.85234375 0.9640625 0.07578125 0.071875
0 0.78984375 0.9625 0.0734375 0.06875
0 0.7328125 0.959375 0.07265625 0.08125
0 0.67421875 0.95390625 0.06171875 0.078125
0 0.6140625 0.95625 0.0609375 0.08671875
0 0.553125 0.9515625 0.05625 0.09609375
0 0.9625 0.9 0.075 0.06875
0 0.90234375 0.89765625 0.07578125 0.0578125
0 0.84765625 0.89921875 0.071875 0.0609375
0 0.790625 0.89609375 0.06484375 0.0546875
0 0.73828125 0.88984375 0.0671875 0.0609375
1 0.6765625 0.8546875 0.06484375 0.128125
0 0.6234375 0.88359375 0.0609375 0.07421875
0 0.56796875 0.8796875 0.05546875 0.0734375
0 0.940625 0.803125 0.065625 0.06484375
0 0.8890625 0.796875 0.06328125 0.0609375
0 0.83515625 0.78046875 0.0578125 0.05078125
0 0.7875 0.78515625 0.05234375 0.04609375
0 0.740625 0.78203125 0.05703125 0.04609375
0 0.69609375 0.78046875 0.04765625 0.053125
0 0.6015625 0.76796875 0.0359375 0.046875
0 0.6390625 0.7734375 0.04296875 0.0515625
0 0.92890625 0.74921875 0.0578125 0.03984375
0 0.88359375 0.75078125 0.05234375 0.03828125
0 0.83515625 0.746875 0.05390625 0.04296875
0 0.7890625 0.73828125 0.05390625 0.03203125
0 0.74296875 0.74296875 0.05234375 0.034375
0 0.69609375 0.73984375 0.053125 0.03828125
0 0.65390625 0.7375 0.05625 0.04609375
0 0.61015625 0.72578125 0.0453125 0.0375
0 0.95859375 0.690625 0.05078125 0.04375
0 0.91484375 0.684375 0.04453125 0.04296875
0 0.87578125 0.6859375 0.05078125 0.04921875
0 0.8296875 0.678125 0.05 0.04140625
0 0.75234375 0.67734375 0.04296875 0.0390625
0 0.7859375 0.6734375 0.05234375 0.02890625
0 0.70546875 0.67890625 0.05234375 0.03203125
0 0.665625 0.66796875 0.05078125 0.04375
1 0.621875 0.6421875 0.04375 0.0625