1 0.86328125 0.8953125 0.0984375 0.18125
1 0.71640625 0.7171875 0.078125 0.11953125
1 0.365625 0.8640625 0.11796875 0.19921875
0 0.47734375 0.44609375 0.05390625 0.078125
1 0.44765625 0.41796875 0.05078125 0.05703125
1 0.32734375 0.7734375 0.12109375 0.16015625
1 0.40546875 0.365625 0.0546875 0.06328125
1 0.65390625 0.65 0.08515625 0.128125
1 0.53359375 0.5109375 0.0578125 0.07578125
0 0.28984375 0.56875 0.071875 0.10625
1 0.25546875 0.5265625 0.06640625 0.08359375
0 0.78515625 0.80390625 0.12109375 0.184375
0 0.57109375 0.553125 0.06875 0.10078125
0 0.49765625 0.48046875 0.06171875 0.09921875
0 0.4296875 0.38671875 0.03515625 0.053125
0 0.3890625 0.33359375 0.0265625 0.03515625
0 0.375 0.31640625 0.02578125 0.03671875
0 0.36015625 0.3015625 0.02734375 0.03828125
0 0.34375 0.28828125 0.025 0.0328125
0 0.33046875 0.27578125 0.02578125 0.03828125
0 0.315625 0.265625 0.021875 0.0328125
0 0.31015625 0.63125 0.06640625 0.10390625
0 0.94921875 0.9328125 0.1015625 0.13125
1 0.6046875 0.5875 0.07578125 0.10390625
0 0.33125 0.678125 0.06953125 0.08828125