1 0.76953125 0.79140625 0.07578125 0.12578125
1 0.6078125 0.590625 0.0640625 0.08828125
1 0.5265625 0.50625 0.06640625 0.0859375
1 0.8640625 0.91796875 0.08203125 0.134375
1 0.3234375 0.76015625 0.11875 0.1609375
1 0.46875 0.44453125 0.05625 0.06171875
1 0.37109375 0.32890625 0.04375 0.046875
1 0.41875 0.390625 0.0515625 0.05859375
1 0.309375 0.6671875 0.09609375 0.09375
1 0.28359375 0.6421875 0.084375 0.0953125
0 0.56484375 0.55859375 0.05546875 0.0859375
1 0.33125 0.28125 0.03828125 0.03984375
1 0.9609375 0.95859375 0.07578125 0.08046875
0 0.71328125 0.72578125 0.08359375 0.121875
1 0.27109375 0.56796875 0.08359375 0.08828125
1 0.25625 0.515625 0.0734375 0.053125
1 0.6484375 0.6515625 0.06953125 0.1078125
1 0.35390625 0.88671875 0.14921875 0.14296875
1 0.49375 0.475 0.0453125 0.0609375
0 0.43046875 0.4359375 0.040625 0.0796875
1 0.396875 0.371875 0.0375 0.05078125
0 0.37265625 0.3765625 0.0296875 0.05
0 0.34296875 0.334375 0.0296875 0.046875
1 0.346875 0.30078125 0.04609375 0.0390625
1 0.32265625 0.2625 0.034375 0.0390625
0 0.3 0.27578125 0.02265625 0.03359375