1 0.71640625 0.71796875 0.07734375 0.1203125
1 0.86328125 0.8953125 0.09765625 0.18125
1 0.365625 0.8640625 0.1171875 0.1984375
1 0.3265625 0.77421875 0.12421875 0.16015625
1 0.6546875 0.64921875 0.084375 0.12890625
1 0.44765625 0.41875 0.05078125 0.05703125
1 0.40546875 0.365625 0.0546875 0.06328125
1 0.25546875 0.5265625 0.0671875 0.09453125
1 0.5328125 0.50859375 0.05625 0.0734375
1 0.60546875 0.59140625 0.07421875 0.10390625
1 0.56171875 0.546875 0.08203125 0.10703125
0 0.953125 0.95234375 0.09375 0.0953125
0 0.78359375 0.80234375 0.11328125 0.18671875
0 0.50625 0.47734375 0.05 0.0671875
0 0.4765625 0.44375 0.0515625 0.0671875
0 0.42890625 0.384375 0.04296875 0.04765625
0 0.38359375 0.33515625 0.0328125 0.0390625
0 0.37265625 0.32109375 0.028125 0.03515625
0 0.35859375 0.30546875 0.02578125 0.034375
0 0.34609375 0.290625 0.0265625 0.02890625
0 0.33515625 0.278125 0.025 0.03046875
0 0.31796875 0.26796875 0.02265625 0.02734375
0 0.34453125 0.671875 0.08125 0.10859375
0 0.3125 0.6125 0.07421875 0.090625
0 0.29140625 0.5734375 0.065625 0.0921875