0 0.96796875 0.965625 0.0640625 0.06875
0 0.91015625 0.9609375 0.065625 0.06328125
0 0.85 0.95859375 0.0640625 0.06640625
0 0.7875 0.95703125 0.0625 0.0640625
0 0.7296875 0.95390625 0.0625 0.065625
0 0.671875 0.94921875 0.05625 0.06875
0 0.60859375 0.94296875 0.05234375 0.0625
0 0.54609375 0.93828125 0.05390625 0.06328125
0 0.9625 0.90390625 0.06328125 0.0578125
0 0.9046875 0.9078125 0.071875 0.05859375
0 0.8453125 0.8984375 0.06640625 0.06328125
0 0.78984375 0.90078125 0.0578125 0.059375
0 0.734375 0.89140625 0.0578125 0.05546875
1 0.678125 0.84921875 0.0734375 0.1203125
0 0.61953125 0.87890625 0.05859375 0.0625
1 0.56640625 0.84296875 0.0671875 0.1046875
0 0.93671875 0.79765625 0.05390625 0.04296875
1 0.8890625 0.77265625 0.0421875 0.0765625
0 0.8390625 0.7890625 0.04609375 0.040625
0 0.790625 0.784375 0.0515625 0.04375
0 0.74375 0.78203125 0.053125 0.03515625
0 0.6921875 0.77578125 0.04765625 0.0328125
0 0.64140625 0.77109375 0.05 0.03203125
0 0.59453125 0.76875 0.04296875 0.03046875
0 0.93125 0.76171875 0.046875 0.03515625
0 0.83671875 0.75 0.06171875 0.0390625
0 0.7921875 0.746875 0.05390625 0.0375
0 0.74375 0.74609375 0.05625 0.0375
0 0.69609375 0.73828125 0.05546875 0.03125
0 0.65 0.73671875 0.05625 0.03828125
0 0.60625 0.73125 0.0546875 0.03359375
0 0.9609375 0.6859375 0.040625 0.03046875
0 0.91640625 0.6828125 0.0484375 0.03125
0 0.87421875 0.68359375 0.0453125 0.02890625
0 0.8328125 0.6796875 0.04609375 0.034375
0 0.7890625 0.67890625 0.05 0.03046875
0 0.75078125 0.675 0.0484375 0.03125
0 0.7078125 0.67265625 0.04375 0.03359375
0 0.6671875 0.6703125 0.04609375 0.02734375
0 0.628125 0.6640625 0.04375 0.03671875