1 0.76953125 0.79140625 0.0765625 0.12578125
1 0.6078125 0.590625 0.0640625 0.08828125
1 0.8640625 0.91796875 0.08046875 0.134375
1 0.5265625 0.50625 0.0671875 0.084375
1 0.41953125 0.39140625 0.0515625 0.05703125
1 0.32421875 0.76015625 0.11875 0.1609375
1 0.46875 0.44453125 0.05625 0.0640625
1 0.34921875 0.29921875 0.04453125 0.03984375
1 0.28203125 0.571875 0.09296875 0.1046875
0 0.71015625 0.73359375 0.08359375 0.13828125
0 0.56328125 0.5640625 0.05703125 0.0890625
1 0.96015625 0.96015625 0.07734375 0.078125
1 0.3140625 0.67578125 0.103125 0.09765625
0 0.31171875 0.60859375 0.07265625 0.06171875
1 0.33203125 0.27890625 0.0375 0.03125
1 0.3265625 0.26171875 0.03515625 0.03984375
1 0.65390625 0.64921875 0.0828125 0.090625
1 0.35390625 0.8828125 0.1171875 0.17734375
1 0.49765625 0.478125 0.05 0.06328125
0 0.4421875 0.425 0.0546875 0.053125
0 0.39140625 0.36328125 0.03828125 0.04140625
0 0.37421875 0.34296875 0.0359375 0.0359375
0 0.3609375 0.32265625 0.03203125 0.034375
0 0.29921875 0.27578125 0.02109375 0.02578125