1 0.7703125 0.79140625 0.0765625 0.128125
1 0.5265625 0.50546875 0.06640625 0.08515625
1 0.8640625 0.91796875 0.0828125 0.134375
1 0.41953125 0.39140625 0.0515625 0.05703125
1 0.3234375 0.76015625 0.11953125 0.1609375
0 0.65625 0.66875 0.08125 0.12421875
1 0.37109375 0.33125 0.04296875 0.046875
1 0.46875 0.44453125 0.05546875 0.0640625
1 0.60703125 0.58984375 0.06328125 0.0890625
1 0.309375 0.6640625 0.10859375 0.090625
1 0.28515625 0.64140625 0.08359375 0.0984375
1 0.3265625 0.26796875 0.03359375 0.03828125
0 0.9515625 0.95703125 0.09375 0.08359375
0 0.28984375 0.56953125 0.0828125 0.0734375
0 0.5625 0.56484375 0.05703125 0.0890625
1 0.25703125 0.5296875 0.06875 0.0796875
1 0.3515625 0.86796875 0.1234375 0.1625
0 0.709375 0.74375 0.0921875 0.11796875
1 0.49296875 0.47890625 0.0390625 0.0625
0 0.42734375 0.44609375 0.03671875 0.0515625
0 0.384375 0.4 0.03359375 0.0375
0 0.38515625 0.365625 0.04765625 0.0421875
0 0.340625 0.3375 0.028125 0.034375
1 0.34765625 0.30078125 0.04375 0.040625
0 0.31640625 0.30546875 0.0234375 0.0265625
1 0.30546875 0.25625 0.025 0.03203125