1 0.76953125 0.79140625 0.0765625 0.12578125
1 0.6078125 0.5890625 0.0640625 0.08671875
1 0.5265625 0.50625 0.06640625 0.0859375
1 0.8640625 0.91796875 0.0828125 0.134375
1 0.41953125 0.39140625 0.0515625 0.05703125
1 0.3390625 0.7484375 0.11953125 0.146875
1 0.3046875 0.690625 0.10078125 0.13046875
1 0.46875 0.44453125 0.05546875 0.06171875
1 0.34921875 0.29921875 0.04453125 0.03984375
1 0.28203125 0.56953125 0.08984375 0.1046875
1 0.35234375 0.8859375 0.10859375 0.1765625
0 0.71171875 0.73671875 0.0828125 0.13671875
0 0.56328125 0.56328125 0.0578125 0.09140625
1 0.95859375 0.95859375 0.07890625 0.08046875
0 0.39453125 0.3609375 0.03359375 0.046875
0 0.31484375 0.265625 0.02421875 0.03203125
0 0.30703125 0.61328125 0.08828125 0.08359375
1 0.6421875 0.653125 0.0609375 0.09765625
1 0.48984375 0.4796875 0.034375 0.05546875
0 0.43046875 0.4375 0.03984375 0.05703125
0 0.3796875 0.34296875 0.02890625 0.03515625
0 0.3625 0.321875 0.025 0.03671875
0 0.38203125 0.40234375 0.02734375 0.04453125
1 0.32734375 0.28515625 0.02578125 0.03828125
0 0.30625 0.290625 0.02109375 0.03203125