0 0.96640625 0.965625 0.06640625 0.06875
0 0.91328125 0.96484375 0.0765625 0.0703125
0 0.85 0.96171875 0.0765625 0.071875
0 0.7859375 0.96171875 0.0765625 0.075
0 0.7234375 0.96171875 0.0796875 0.07578125
0 0.67109375 0.95390625 0.0609375 0.07109375
0 0.6140625 0.95234375 0.0609375 0.0859375
0 0.5578125 0.94375 0.0546875 0.07734375
0 0.96171875 0.9015625 0.06953125 0.05546875
0 0.903125 0.903125 0.08125 0.0546875
0 0.8484375 0.90234375 0.0703125 0.0640625
0 0.78984375 0.890625 0.06796875 0.0703125
0 0.7359375 0.88984375 0.0734375 0.06796875
1 0.67578125 0.8484375 0.053125 0.11171875
0 0.62265625 0.88046875 0.0640625 0.07109375
0 0.56640625 0.8734375 0.0625 0.06875
0 0.93515625 0.7984375 0.065625 0.0453125
0 0.890625 0.79140625 0.06796875 0.0640625
0 0.8390625 0.79375 0.05546875 0.05
0 0.78984375 0.78359375 0.0546875 0.059375
0 0.74296875 0.78671875 0.05859375 0.04453125
0 0.69296875 0.784375 0.05 0.0421875
0 0.64375 0.77890625 0.05625 0.0359375
0 0.5984375 0.7671875 0.0421875 0.04453125
0 0.928125 0.75078125 0.05234375 0.0390625
0 0.8796875 0.7515625 0.0609375 0.040625
0 0.8375 0.75 0.05859375 0.0375
0 0.790625 0.7453125 0.05390625 0.05
0 0.7453125 0.74609375 0.0546875 0.03671875
0 0.69765625 0.7375 0.05 0.053125
0 0.65078125 0.73828125 0.053125 0.04765625
0 0.60859375 0.72890625 0.04296875 0.04296875
0 0.9578125 0.69140625 0.04921875 0.034375
0 0.9140625 0.684375 0.05 0.04296875
0 0.87265625 0.6828125 0.05703125 0.0328125
0 0.83203125 0.684375 0.05390625 0.04296875
0 0.790625 0.67734375 0.0484375 0.04453125
0 0.75078125 0.67734375 0.059375 0.04296875
0 0.70859375 0.66953125 0.05 0.05
0 0.665625 0.66640625 0.05625 0.06328125
1 0.6234375 0.64296875 0.05078125 0.078125