1 0.86328125 0.89296875 0.09921875 0.17890625
1 0.7125 0.72578125 0.08671875 0.1390625
1 0.78359375 0.80859375 0.07265625 0.12421875
1 0.96484375 0.95703125 0.06953125 0.08359375
1 0.60625 0.59140625 0.07421875 0.10078125
1 0.6546875 0.64921875 0.084375 0.1265625
1 0.5625 0.54453125 0.07890625 0.10078125
1 0.475 0.44140625 0.05546875 0.0640625
1 0.49609375 0.478125 0.05625 0.06484375
1 0.52890625 0.50234375 0.05703125 0.084375
1 0.44765625 0.415625 0.04921875 0.05234375
1 0.4203125 0.3859375 0.0578125 0.059375
1 0.39296875 0.3671875 0.0578125 0.06796875
1 0.37734375 0.3296875 0.04609375 0.0515625
1 0.35859375 0.31171875 0.046875 0.0453125
1 0.3234375 0.67890625 0.11328125 0.1359375
1 0.2953125 0.61015625 0.0796875 0.0609375
1 0.27734375 0.559375 0.07734375 0.07734375
0 0.40625 0.846875 0.1046875 0.1546875
0 0.365625 0.753125 0.0921875 0.1328125