1 0.86328125 0.8953125 0.09765625 0.18125
1 0.71640625 0.7171875 0.078125 0.11953125
1 0.365625 0.8640625 0.11796875 0.19921875
1 0.3265625 0.77421875 0.12265625 0.16015625
1 0.6546875 0.65078125 0.084375 0.12890625
1 0.60625 0.59140625 0.0734375 0.10546875
1 0.44765625 0.41796875 0.05078125 0.05703125
1 0.40546875 0.365625 0.05390625 0.06328125
1 0.378125 0.4140625 0.05546875 0.075
0 0.2828125 0.57578125 0.096875 0.1078125
1 0.2546875 0.525 0.06796875 0.08671875
1 0.5328125 0.50859375 0.05546875 0.071875
1 0.5640625 0.54765625 0.08515625 0.1046875
0 0.9515625 0.9546875 0.096875 0.08984375
0 0.7765625 0.8109375 0.125 0.21640625
0 0.50703125 0.4859375 0.0546875 0.0765625
0 0.47890625 0.44765625 0.0515625 0.071875
0 0.37578125 0.34609375 0.03046875 0.03828125
0 0.3625 0.32734375 0.028125 0.0421875
0 0.34921875 0.3125 0.0234375 0.0328125
0 0.3375 0.2953125 0.0234375 0.03125
0 0.32421875 0.2859375 0.02265625 0.0296875
0 0.3125 0.26796875 0.021875 0.03359375
0 0.33828125 0.6796875 0.1171875 0.12578125
0 0.30859375 0.64375 0.109375 0.12265625