0 0.96640625 0.9640625 0.0578125 0.071875
0 0.91015625 0.9625 0.0734375 0.075
0 0.84765625 0.959375 0.0734375 0.07109375
0 0.78984375 0.96328125 0.06484375 0.06640625
0 0.7296875 0.959375 0.065625 0.078125
0 0.66875 0.953125 0.05625 0.09375
0 0.61796875 0.94140625 0.06171875 0.07578125
0 0.55 0.93828125 0.05546875 0.06484375
0 0.9609375 0.90234375 0.078125 0.0609375
0 0.9046875 0.90234375 0.08046875 0.06484375
0 0.84375 0.8984375 0.0734375 0.0671875
0 0.79140625 0.8953125 0.075 0.06796875
0 0.7359375 0.88671875 0.0671875 0.0625
1 0.67734375 0.846875 0.05859375 0.11640625
0 0.61953125 0.87578125 0.0578125 0.065625
0 0.56484375 0.87265625 0.06484375 0.05234375
0 0.934375 0.7921875 0.06875 0.0546875
1 0.8875 0.7578125 0.05859375 0.09765625
0 0.83984375 0.78984375 0.059375 0.05390625
0 0.790625 0.78828125 0.05625 0.0515625
0 0.7390625 0.77734375 0.05390625 0.0484375
0 0.68984375 0.7765625 0.0484375 0.040625
0 0.64375 0.771875 0.04921875 0.034375
0 0.59765625 0.76953125 0.04453125 0.03671875
0 0.9328125 0.7515625 0.05 0.03984375
0 0.83828125 0.7484375 0.05625 0.04140625
0 0.78828125 0.7453125 0.05234375 0.03671875
0 0.74296875 0.74296875 0.05703125 0.03671875
0 0.696875 0.73828125 0.0546875 0.03984375
0 0.64921875 0.734375 0.059375 0.0390625
0 0.60625 0.73359375 0.04765625 0.0328125
0 0.9578125 0.6859375 0.04765625 0.03046875
0 0.915625 0.68359375 0.04765625 0.0296875
0 0.8734375 0.67890625 0.05234375 0.034375
0 0.83046875 0.6765625 0.05078125 0.0328125
0 0.790625 0.6734375 0.0484375 0.0265625
0 0.75 0.675 0.05078125 0.03203125
0 0.70390625 0.66875 0.05 0.03125
0 0.6671875 0.6703125 0.046875 0.02734375
1 0.6265625 0.646875 0.040625 0.0671875