1 0.86328125 0.89296875 0.09765625 0.178125
1 0.7828125 0.8078125 0.07265625 0.1234375
1 0.96484375 0.95703125 0.06875 0.08359375
1 0.7109375 0.72578125 0.08828125 0.13828125
1 0.60625 0.59140625 0.07421875 0.10078125
1 0.65390625 0.65078125 0.0859375 0.1296875
1 0.57265625 0.53671875 0.06640625 0.0703125
1 0.53671875 0.49375 0.06015625 0.05859375
1 0.49765625 0.46953125 0.05078125 0.04921875
1 0.475 0.43671875 0.05703125 0.053125
1 0.45078125 0.4125 0.05078125 0.040625
1 0.425 0.38671875 0.0578125 0.06328125
1 0.39375 0.36484375 0.05546875 0.0703125
1 0.37890625 0.33046875 0.0453125 0.0515625
1 0.3578125 0.3140625 0.03515625 0.05
0 0.40625 0.83671875 0.1140625 0.153125
0 0.36953125 0.74921875 0.090625 0.11484375
1 0.30546875 0.6890625 0.12578125 0.1546875
1 0.303125 0.60234375 0.07265625 0.04453125
1 0.2828125 0.55234375 0.08203125 0.06640625