1 0.5296875 0.50390625 0.06484375 0.0734375
1 0.46328125 0.44765625 0.05859375 0.0546875
1 0.60859375 0.5984375 0.06015625 0.078125
1 0.32578125 0.790625 0.1171875 0.14375
1 0.42109375 0.38984375 0.05390625 0.05
1 0.3359375 0.27890625 0.03671875 0.04140625
0 0.6546875 0.66953125 0.08203125 0.12109375
1 0.28125 0.6390625 0.0921875 0.11484375
0 0.95 0.95859375 0.09375 0.08125
0 0.8609375 0.915625 0.1234375 0.165625
0 0.39609375 0.3609375 0.03671875 0.05078125
0 0.35390625 0.30390625 0.03203125 0.046875
0 0.56640625 0.565625 0.0640625 0.09921875
0 0.49375 0.48515625 0.04921875 0.071875
0 0.775 0.82890625 0.0953125 0.128125
0 0.70859375 0.7453125 0.1015625 0.10546875
1 0.3859375 0.8375 0.11171875 0.153125
1 0.31953125 0.68046875 0.0640625 0.08359375
1 0.296875 0.55 0.0765625 0.0734375
1 0.42734375 0.4203125 0.0328125 0.06015625
0 0.375 0.340625 0.0375 0.03828125
0 0.36484375 0.321875 0.0359375 0.0328125
1 0.3125 0.2734375 0.01796875 0.03515625
1 0.303125 0.2578125 0.0203125 0.03359375