1 0.8625 0.89375 0.09921875 0.1796875
1 0.3875 0.60625 0.0640625 0.1203125
1 0.78359375 0.809375 0.07265625 0.12578125
1 0.96484375 0.95703125 0.06875 0.08359375
1 0.71171875 0.72578125 0.0875 0.13828125
1 0.60546875 0.590625 0.07421875 0.1
1 0.65390625 0.64921875 0.08515625 0.12578125
1 0.28828125 0.63515625 0.0828125 0.1015625
1 0.475 0.44140625 0.0546875 0.0640625
1 0.5625 0.54375 0.07890625 0.103125
1 0.4484375 0.4109375 0.05078125 0.05546875
1 0.53203125 0.5015625 0.0625 0.078125
1 0.49609375 0.478125 0.05703125 0.065625
1 0.27734375 0.5546875 0.0828125 0.08515625
1 0.425 0.38828125 0.06015625 0.07421875
1 0.3921875 0.36875 0.059375 0.065625
1 0.3765625 0.32734375 0.0515625 0.0515625
1 0.35859375 0.31015625 0.0390625 0.0546875
0 0.4078125 0.83203125 0.0984375 0.16640625
0 0.36875 0.759375 0.07421875 0.11953125
0 0.340625 0.68828125 0.065625 0.1015625