0 0.95 0.96015625 0.1 0.0796875
0 0.8640625 0.9203125 0.1296875 0.15859375
0 0.77421875 0.8484375 0.11796875 0.14296875
0 0.7 0.78046875 0.0984375 0.1578125
0 0.64609375 0.69765625 0.08828125 0.10234375
0 0.596875 0.64140625 0.08125 0.08828125
0 0.55546875 0.5875 0.07578125 0.06953125
0 0.521875 0.534375 0.07109375 0.06171875
0 0.48984375 0.5046875 0.065625 0.05546875
0 0.465625 0.4671875 0.06484375 0.05078125
0 0.44296875 0.44296875 0.06171875 0.05234375
0 0.421875 0.4125 0.05546875 0.04765625
0 0.40234375 0.38515625 0.0578125 0.0328125
0 0.38984375 0.36640625 0.04921875 0.03515625
0 0.37265625 0.34609375 0.04765625 0.028125
0 0.3578125 0.328125 0.04765625 0.03203125
0 0.34375 0.3125 0.04609375 0.03359375
0 0.39296875 0.8390625 0.14375 0.140625
0 0.36796875 0.765625 0.1421875 0.13671875
0 0.3328125 0.690625 0.11796875 0.10703125
0 0.303125 0.62890625 0.09609375 0.084375
0 0.2890625 0.57734375 0.08828125 0.0734375
0 0.27734375 0.53359375 0.07421875 0.06015625