1 0.6078125 0.590625 0.0640625 0.0859375
1 0.76953125 0.79140625 0.07734375 0.12578125
1 0.5265625 0.50625 0.06640625 0.0859375
1 0.41953125 0.39140625 0.0515625 0.05703125
1 0.30546875 0.690625 0.10078125 0.13046875
1 0.8640625 0.91796875 0.08203125 0.134375
1 0.46875 0.44453125 0.05546875 0.06171875
1 0.34921875 0.29921875 0.04453125 0.03984375
1 0.2828125 0.57109375 0.0890625 0.10390625
1 0.353125 0.8859375 0.1078125 0.1765625
0 0.56484375 0.56015625 0.05625 0.090625
0 0.71171875 0.73515625 0.08125 0.1296875
0 0.371875 0.37890625 0.0328125 0.046875
1 0.9609375 0.95625 0.075 0.0859375
1 0.33984375 0.74375 0.11875 0.1578125
0 0.3 0.603125 0.0921875 0.0828125
1 0.64921875 0.65078125 0.06796875 0.10078125
1 0.49140625 0.4765625 0.0359375 0.06484375
0 0.428125 0.43671875 0.04140625 0.0625
0 0.38359375 0.3984375 0.03515625 0.04765625
0 0.3578125 0.3546875 0.03125 0.04140625
0 0.34453125 0.33515625 0.0296875 0.03359375
1 0.3265625 0.284375 0.02578125 0.03515625
0 0.30546875 0.2921875 0.0203125 0.02578125
0 0.30390625 0.27578125 0.03046875 0.01953125