1 0.76953125 0.79140625 0.07578125 0.12578125
1 0.5265625 0.50625 0.06640625 0.0859375
1 0.8640625 0.91953125 0.08203125 0.1359375
1 0.41953125 0.39140625 0.0515625 0.05703125
1 0.3234375 0.76015625 0.1203125 0.1609375
1 0.37109375 0.33125 0.04296875 0.046875
1 0.46875 0.44453125 0.05546875 0.0640625
1 0.284375 0.640625 0.08359375 0.09921875
0 0.64921875 0.67109375 0.09296875 0.12421875
1 0.60703125 0.590625 0.06328125 0.08828125
1 0.32578125 0.26796875 0.0359375 0.03828125
0 0.5578125 0.56875 0.0640625 0.0890625
0 0.2921875 0.56796875 0.08359375 0.065625
1 0.25703125 0.528125 0.07109375 0.078125
1 0.95859375 0.95703125 0.078125 0.084375
0 0.38671875 0.3984375 0.03125 0.0453125
0 0.39296875 0.35703125 0.0359375 0.0515625
0 0.7078125 0.7453125 0.07734375 0.146875
1 0.496875 0.47734375 0.04140625 0.07421875
1 0.35234375 0.8671875 0.12578125 0.1609375
1 0.309375 0.6640625 0.08203125 0.11171875
0 0.434375 0.4390625 0.04296875 0.06171875
0 0.3390625 0.3359375 0.02421875 0.04765625
1 0.3484375 0.30078125 0.04140625 0.0359375
0 0.31796875 0.30390625 0.02265625 0.03671875
0 0.29921875 0.27421875 0.021875 0.02578125