1 0.71640625 0.7171875 0.078125 0.11953125
1 0.53359375 0.51015625 0.0578125 0.07578125
1 0.44765625 0.41796875 0.05078125 0.05625
1 0.40546875 0.365625 0.05390625 0.06328125
1 0.278125 0.61484375 0.05859375 0.11328125
0 0.9515625 0.9546875 0.09375 0.090625
0 0.85703125 0.89453125 0.12734375 0.18828125
0 0.7828125 0.81796875 0.11640625 0.18203125
0 0.65078125 0.68125 0.07734375 0.11640625
0 0.6078125 0.62421875 0.0671875 0.10234375
0 0.5625 0.56640625 0.05546875 0.09609375
0 0.4953125 0.49375 0.04453125 0.0640625
0 0.4703125 0.45390625 0.04296875 0.0765625
0 0.415625 0.39921875 0.0390625 0.05234375
0 0.38046875 0.34453125 0.028125 0.03828125
0 0.36484375 0.3265625 0.02578125 0.03671875
0 0.35390625 0.31015625 0.0234375 0.034375
0 0.3390625 0.29609375 0.0234375 0.03125
0 0.32578125 0.28359375 0.01953125 0.0265625
0 0.3109375 0.26953125 0.02109375 0.028125
0 0.41015625 0.84296875 0.1015625 0.165625
0 0.36953125 0.7625 0.10703125 0.14140625
0 0.33359375 0.68515625 0.0921875 0.1203125