1 0.76953125 0.79140625 0.07734375 0.12578125
1 0.6078125 0.590625 0.06328125 0.0859375
1 0.70390625 0.7234375 0.07578125 0.10703125
1 0.8640625 0.91796875 0.08203125 0.134375
1 0.5265625 0.50390625 0.0671875 0.08203125
1 0.3234375 0.76015625 0.11953125 0.1609375
1 0.28359375 0.6421875 0.08515625 0.0953125
1 0.41953125 0.39140625 0.05234375 0.059375
1 0.46875 0.44453125 0.05546875 0.06171875
1 0.37109375 0.33046875 0.04296875 0.0484375
1 0.33203125 0.28203125 0.03828125 0.03671875
1 0.96171875 0.95703125 0.07265625 0.08359375
0 0.4359375 0.43359375 0.03671875 0.05078125
1 0.64921875 0.64609375 0.07109375 0.10234375
1 0.55703125 0.55 0.0578125 0.084375
1 0.4921875 0.4734375 0.03828125 0.06171875
1 0.39140625 0.37421875 0.02421875 0.04921875
0 0.37265625 0.36953125 0.02890625 0.05546875
0 0.34453125 0.334375 0.021875 0.0421875
1 0.3484375 0.30078125 0.040625 0.040625
1 0.325 0.26484375 0.03671875 0.0375
0 0.30078125 0.27421875 0.02734375 0.02578125
1 0.35546875 0.875 0.115625 0.15234375
1 0.3171875 0.65546875 0.08515625 0.08125
1 0.275 0.56015625 0.07890625 0.08359375