1 0.6859375 0.49609375 0.1203125 0.1484375
1 0.3609375 0.259375 0.06953125 0.0609375
1 0.5578125 0.38671875 0.10234375 0.1109375
1 0.240625 0.48828125 0.09765625 0.153125
0 0.8078125 0.61171875 0.18359375 0.19609375
0 0.93515625 0.74140625 0.12890625 0.2265625
1 0.30625 0.78828125 0.19140625 0.31328125
1 0.59375 0.44375 0.07734375 0.1328125
1 0.48671875 0.3609375 0.05625 0.103125
0 0.4234375 0.39140625 0.08046875 0.05
0 0.40078125 0.35859375 0.06875 0.03828125
0 0.37578125 0.3390625 0.06484375 0.0234375
0 0.37109375 0.3203125 0.071875 0.03046875
0 0.35390625 0.30625 0.0609375 0.0296875
0 0.2625 0.57421875 0.13671875 0.12265625