1 0.4640625 0.44765625 0.0578125 0.0546875
1 0.5296875 0.50390625 0.06484375 0.0734375
1 0.6078125 0.5984375 0.06015625 0.078125
1 0.32578125 0.790625 0.11796875 0.14375
1 0.346875 0.315625 0.04296875 0.04921875
1 0.28046875 0.640625 0.09140625 0.1140625
0 0.65078125 0.67109375 0.0890625 0.12421875
0 0.95 0.95859375 0.0953125 0.08125
0 0.859375 0.91640625 0.12109375 0.16328125
1 0.309375 0.25390625 0.03359375 0.03828125
0 0.56328125 0.56875 0.06328125 0.090625
0 0.48984375 0.48671875 0.04765625 0.06640625
0 0.38125 0.365625 0.0375 0.04609375
0 0.37578125 0.33671875 0.03671875 0.0484375
0 0.4015625 0.38203125 0.03984375 0.053125
0 0.771875 0.82421875 0.09296875 0.11875
0 0.7046875 0.7421875 0.0953125 0.11015625
1 0.37890625 0.8546875 0.10625 0.14921875
1 0.3109375 0.68828125 0.08203125 0.09140625
1 0.29140625 0.540625 0.08046875 0.08515625
1 0.43046875 0.41953125 0.03203125 0.04921875
1 0.3328125 0.278125 0.028125 0.03671875
1 0.31484375 0.26796875 0.0171875 0.04140625