1 0.3765625 0.83515625 0.1390625 0.23671875
1 0.8625 0.89296875 0.10078125 0.178125
1 0.78359375 0.81015625 0.07265625 0.128125
1 0.96484375 0.95703125 0.06875 0.08359375
1 0.60546875 0.590625 0.07421875 0.1
1 0.65390625 0.646875 0.08515625 0.1234375
1 0.7109375 0.7265625 0.08984375 0.13984375
1 0.328125 0.76171875 0.12890625 0.1609375
1 0.47578125 0.44140625 0.05546875 0.06484375
1 0.56328125 0.55 0.0765625 0.1078125
1 0.53125 0.49609375 0.06484375 0.07734375
1 0.49375 0.47890625 0.0515625 0.0703125
1 0.44921875 0.41484375 0.04765625 0.05
1 0.42265625 0.38359375 0.05703125 0.06171875
1 0.396875 0.36015625 0.06640625 0.0703125
1 0.37890625 0.32890625 0.0421875 0.05234375
1 0.36171875 0.30859375 0.04921875 0.05078125
1 0.3140625 0.6671875 0.1140625 0.12421875
1 0.290625 0.61015625 0.08671875 0.06640625
1 0.27578125 0.56484375 0.090625 0.0890625
1 0.259375 0.521875 0.0703125 0.05546875