1 0.76953125 0.79296875 0.07734375 0.1265625
1 0.6078125 0.590625 0.0640625 0.08828125
1 0.70546875 0.71328125 0.07578125 0.125
1 0.5265625 0.50625 0.06640625 0.0859375
1 0.86328125 0.91796875 0.08125 0.134375
1 0.30546875 0.69140625 0.1 0.13125
1 0.41953125 0.39140625 0.0515625 0.05703125
1 0.46875 0.44453125 0.05546875 0.0640625
1 0.28203125 0.56953125 0.09140625 0.1046875
1 0.34921875 0.29921875 0.04453125 0.03984375
1 0.353125 0.8859375 0.1078125 0.1765625
0 0.56484375 0.56015625 0.05546875 0.08671875
0 0.3640625 0.74609375 0.09765625 0.11640625
0 0.434375 0.4359375 0.03828125 0.0546875
1 0.9609375 0.95703125 0.07421875 0.084375
0 0.30859375 0.27109375 0.03125 0.02421875
0 0.31171875 0.609375 0.07265625 0.0609375
1 0.646875 0.65 0.0625 0.10390625
1 0.48984375 0.478125 0.03046875 0.05625
0 0.39296875 0.36015625 0.0296875 0.0390625
0 0.38046875 0.3421875 0.02890625 0.03671875
0 0.36484375 0.321875 0.028125 0.0296875
1 0.328125 0.2828125 0.0296875 0.03515625
0 0.30546875 0.28828125 0.02265625 0.0359375