1 0.76953125 0.79140625 0.07578125 0.12578125
1 0.5265625 0.50625 0.06640625 0.0859375
1 0.60703125 0.590625 0.06328125 0.08828125
1 0.8640625 0.91875 0.08203125 0.13515625
1 0.41953125 0.39140625 0.05234375 0.05703125
0 0.65625 0.66875 0.08203125 0.121875
1 0.28515625 0.640625 0.08359375 0.096875
1 0.46875 0.44453125 0.05625 0.0640625
1 0.37109375 0.33046875 0.04296875 0.0484375
1 0.3234375 0.76015625 0.11953125 0.1609375
1 0.25703125 0.528125 0.0703125 0.078125
1 0.32578125 0.26640625 0.03515625 0.0390625
0 0.5625 0.565625 0.05859375 0.09140625
0 0.28828125 0.57109375 0.07890625 0.07421875
1 0.95859375 0.95859375 0.07890625 0.08046875
0 0.39296875 0.35703125 0.0359375 0.0515625
0 0.7125 0.74453125 0.07578125 0.121875
1 0.3578125 0.8734375 0.134375 0.1546875
1 0.315625 0.6640625 0.090625 0.09140625
1 0.4953125 0.4765625 0.040625 0.06796875
0 0.43515625 0.4359375 0.0390625 0.06015625
0 0.3421875 0.334375 0.028125 0.05234375
1 0.34921875 0.2984375 0.04140625 0.03515625
0 0.31796875 0.30546875 0.0203125 0.03203125
0 0.3015625 0.275 0.02578125 0.028125