1 0.76953125 0.79140625 0.07734375 0.12578125
1 0.60703125 0.5890625 0.06328125 0.08671875
1 0.5265625 0.50625 0.06640625 0.0859375
1 0.86484375 0.91796875 0.0828125 0.1359375
1 0.32265625 0.76015625 0.12109375 0.1609375
1 0.41953125 0.39140625 0.05234375 0.05703125
1 0.46875 0.44453125 0.05546875 0.0640625
1 0.37109375 0.32890625 0.04375 0.046875
1 0.284375 0.64140625 0.08359375 0.0984375
1 0.32578125 0.26640625 0.03359375 0.03671875
0 0.7078125 0.74296875 0.0859375 0.125
1 0.25703125 0.528125 0.06953125 0.078125
0 0.56171875 0.56640625 0.0578125 0.09296875
0 0.29140625 0.57109375 0.07734375 0.071875
1 0.96015625 0.959375 0.07734375 0.07890625
1 0.63671875 0.6671875 0.07578125 0.109375
1 0.35234375 0.8671875 0.1140625 0.1546875
1 0.3125 0.67734375 0.11640625 0.121875
1 0.49765625 0.4734375 0.0484375 0.0640625
0 0.44140625 0.42421875 0.04921875 0.065625
1 0.39609375 0.3703125 0.0375 0.046875
0 0.37109375 0.3671875 0.0375 0.05625
0 0.34296875 0.33359375 0.02734375 0.04453125
1 0.3484375 0.29921875 0.0421875 0.034375
0 0.321875 0.30234375 0.02265625 0.03359375
0 0.303125 0.271875 0.01875 0.02734375