1 0.71171875 0.72578125 0.0875 0.1390625
1 0.86171875 0.8921875 0.10078125 0.1765625
1 0.78359375 0.80859375 0.07265625 0.12578125
1 0.96484375 0.95703125 0.06953125 0.08359375
1 0.3625 0.85703125 0.13359375 0.20546875
1 0.60546875 0.590625 0.07421875 0.10078125
1 0.6546875 0.65078125 0.08515625 0.125
1 0.328125 0.765625 0.12890625 0.16953125
1 0.5625 0.54453125 0.0796875 0.1015625
1 0.47578125 0.44140625 0.05625 0.0640625
1 0.5328125 0.50234375 0.06171875 0.075
1 0.4953125 0.47734375 0.05078125 0.06015625
1 0.4484375 0.41484375 0.0421875 0.05703125
1 0.421875 0.3859375 0.059375 0.0609375
1 0.39765625 0.3671875 0.0625 0.071875
1 0.3765625 0.3234375 0.04609375 0.03984375
1 0.35859375 0.3109375 0.03671875 0.04375
1 0.3109375 0.6484375 0.1078125 0.078125
1 0.29765625 0.603125 0.0640625 0.03828125
1 0.28359375 0.5515625 0.07734375 0.075