0 0.96875 0.9625 0.0625 0.05625
0 0.91796875 0.96484375 0.07109375 0.059375
0 0.85 0.9609375 0.06484375 0.0625
0 0.78671875 0.95703125 0.05859375 0.08515625
0 0.73125 0.94921875 0.0609375 0.07265625
0 0.66875 0.95546875 0.0640625 0.078125
0 0.609375 0.953125 0.04453125 0.08828125
0 0.54765625 0.9390625 0.05703125 0.06796875
0 0.96171875 0.91328125 0.06484375 0.053125
0 0.90234375 0.9109375 0.07734375 0.059375
0 0.84453125 0.89921875 0.07890625 0.046875
0 0.79140625 0.88671875 0.06640625 0.0703125
0 0.73359375 0.890625 0.0671875 0.03671875
1 0.68125 0.84453125 0.06875 0.1
0 0.61796875 0.88359375 0.05859375 0.06328125
0 0.5609375 0.8734375 0.06328125 0.05390625
0 0.934375 0.796875 0.05 0.04921875
0 0.8921875 0.79375 0.065625 0.046875
0 0.83671875 0.79375 0.059375 0.05078125
0 0.78671875 0.790625 0.05625 0.04375
0 0.73984375 0.78359375 0.06015625 0.0453125
0 0.68828125 0.77578125 0.05546875 0.0328125
0 0.63984375 0.771875 0.0546875 0.0328125
0 0.59765625 0.7671875 0.040625 0.04140625
0 0.9296875 0.75859375 0.0453125 0.0296875
0 0.88671875 0.75546875 0.05234375 0.0359375
0 0.83828125 0.753125 0.05546875 0.03046875
0 0.78984375 0.74921875 0.053125 0.03671875
0 0.74296875 0.7453125 0.0546875 0.03359375
0 0.696875 0.7421875 0.0515625 0.040625
0 0.65078125 0.73671875 0.05703125 0.040625
0 0.60625 0.73203125 0.05078125 0.03203125
0 0.95859375 0.6875 0.04375 0.034375
0 0.91875 0.6859375 0.05390625 0.03046875
0 0.87421875 0.6828125 0.04921875 0.0296875
0 0.834375 0.68203125 0.046875 0.02890625
0 0.7921875 0.67734375 0.04453125 0.0265625
0 0.74921875 0.6765625 0.04921875 0.028125
0 0.70625 0.6734375 0.04375 0.0234375
0 0.66640625 0.67109375 0.040625 0.02421875
1 0.6234375 0.64375 0.0328125 0.053125