1 0.86328125 0.89375 0.09921875 0.17890625
1 0.71640625 0.71796875 0.078125 0.1203125
1 0.365625 0.86484375 0.11796875 0.1984375
1 0.328125 0.77421875 0.12109375 0.16015625
1 0.60625 0.59296875 0.07421875 0.10625
1 0.40546875 0.3625 0.0546875 0.05625
1 0.446875 0.41640625 0.05234375 0.059375
1 0.2546875 0.52578125 0.06953125 0.0859375
1 0.534375 0.5109375 0.0578125 0.075
0 0.95625 0.96484375 0.0875 0.0703125
0 0.784375 0.82734375 0.09921875 0.15703125
0 0.6578125 0.6703125 0.07578125 0.125
0 0.5640625 0.5625 0.05859375 0.09609375
0 0.496875 0.49921875 0.04140625 0.06796875
0 0.47265625 0.46875 0.0375 0.05703125
0 0.3671875 0.353125 0.046875 0.04453125
0 0.35390625 0.3328125 0.04453125 0.03359375
0 0.340625 0.315625 0.03828125 0.03125
0 0.32890625 0.3 0.040625 0.021875
0 0.3171875 0.28515625 0.04140625 0.028125
0 0.309375 0.27421875 0.0390625 0.02578125
0 0.32734375 0.66796875 0.09765625 0.0734375
0 0.309375 0.6265625 0.10234375 0.0859375
0 0.2953125 0.57109375 0.0828125 0.0765625