1 0.69453125 0.64140625 0.12890625 0.13359375
0 0.80859375 0.66953125 0.084375 0.0453125
0 0.7859375 0.6265625 0.065625 0.04453125
0 0.59765625 0.66953125 0.06015625 0.06015625
0 0.60390625 0.62734375 0.08359375 0.0375
0 0.584375 0.5984375 0.08046875 0.0265625
0 0.55546875 0.57421875 0.05859375 0.025
0 0.534375 0.559375 0.05 0.02265625
0 0.67578125 0.584375 0.0546875 0.0265625
0 0.64296875 0.56484375 0.05703125 0.01875
0 0.6109375 0.54921875 0.0484375 0.0203125
0 0.58125 0.53203125 0.05546875 0.0203125
0 0.52109375 0.5375 0.040625 0.02265625
0 0.9265625 0.5640625 0.06328125 0.0375
0 0.88359375 0.54609375 0.04609375 0.0359375
0 0.846875 0.5296875 0.0421875 0.0265625
0 0.81015625 0.5171875 0.03671875 0.03203125
0 0.9765625 0.546875 0.03359375 0.028125
0 0.94375 0.53046875 0.04375 0.02734375
0 0.9046875 0.51953125 0.0453125 0.025
0 0.85546875 0.5078125 0.04375 0.02578125