1 0.79296875 0.57890625 0.12734375 0.1953125
1 0.38671875 0.28046875 0.07421875 0.06875
1 0.5984375 0.42109375 0.1390625 0.16640625
1 0.46171875 0.32890625 0.06953125 0.084375
1 0.325 0.234375 0.05390625 0.04296875
1 0.94140625 0.7453125 0.11640625 0.30859375
1 0.68359375 0.48828125 0.1234375 0.1921875
1 0.5296875 0.38046875 0.053125 0.09140625
1 0.490625 0.3484375 0.05234375 0.0984375
1 0.41953125 0.30859375 0.03203125 0.0875
0 0.3734375 0.34296875 0.053125 0.03828125
1 0.3421875 0.26015625 0.03125 0.0609375
1 0.296875 0.22578125 0.0328125 0.05234375
0 0.30859375 0.82265625 0.1984375 0.2390625
0 0.26328125 0.625 0.15546875 0.16484375
0 0.2328125 0.49296875 0.09921875 0.096875
0 0.21640625 0.41875 0.0796875 0.07109375
1 0.19921875 0.32421875 0.0640625 0.12734375