1 0.6078125 0.5890625 0.0640625 0.08671875
1 0.7703125 0.79140625 0.0765625 0.12578125
1 0.5265625 0.50625 0.06640625 0.084375
1 0.8640625 0.91796875 0.08203125 0.134375
1 0.3046875 0.69140625 0.10078125 0.128125
1 0.46875 0.44453125 0.0578125 0.06015625
1 0.3484375 0.29921875 0.04453125 0.03984375
1 0.4015625 0.3640625 0.0578125 0.0609375
1 0.353125 0.8859375 0.1078125 0.1765625
0 0.7109375 0.73671875 0.0828125 0.13125
0 0.5640625 0.56171875 0.05859375 0.090625
1 0.2828125 0.55703125 0.0890625 0.078125
1 0.95625 0.95703125 0.0828125 0.08359375
0 0.3796875 0.34140625 0.02890625 0.0390625
0 0.3140625 0.26640625 0.02578125 0.03125
1 0.646875 0.64765625 0.065625 0.0953125
1 0.49296875 0.4734375 0.04140625 0.0640625
1 0.44609375 0.4125 0.05390625 0.04765625
1 0.415625 0.3921875 0.05 0.04375
1 0.328125 0.28203125 0.0265625 0.03828125
0 0.36484375 0.321875 0.0296875 0.03359375
0 0.30703125 0.2921875 0.01875 0.02421875
1 0.34140625 0.7515625 0.11953125 0.14921875
1 0.2953125 0.6078125 0.10859375 0.08203125