1 0.7703125 0.79140625 0.07734375 0.128125
1 0.6078125 0.590625 0.0640625 0.08828125
1 0.5265625 0.50625 0.06640625 0.0859375
1 0.86328125 0.91875 0.08125 0.13515625
1 0.3234375 0.76015625 0.11875 0.1609375
1 0.41875 0.39296875 0.0515625 0.05625
1 0.29453125 0.55390625 0.0953125 0.096875
1 0.46796875 0.44453125 0.05625 0.0640625
1 0.3484375 0.29921875 0.04453125 0.03984375
1 0.2828125 0.6421875 0.08359375 0.0953125
0 0.43359375 0.4390625 0.0421875 0.0609375
0 0.7109375 0.73203125 0.0828125 0.13359375
0 0.5625 0.565625 0.05703125 0.08984375
1 0.95859375 0.95859375 0.07890625 0.08046875
1 0.65 0.64921875 0.05703125 0.08984375
1 0.3609375 0.875 0.11953125 0.134375
1 0.3109375 0.67109375 0.109375 0.1
1 0.4953125 0.48125 0.046875 0.06015625
1 0.4 0.37734375 0.0484375 0.05625
0 0.36796875 0.375 0.025 0.03671875
0 0.36953125 0.34765625 0.0515625 0.02421875
0 0.35703125 0.3296875 0.05234375 0.02421875
1 0.33125 0.28359375 0.034375 0.03671875
1 0.325 0.26328125 0.0390625 0.03515625
0 0.3 0.2765625 0.0234375 0.02734375