1 0.71640625 0.7171875 0.078125 0.11953125
1 0.60625 0.59375 0.07421875 0.10703125
0 0.46640625 0.4640625 0.06640625 0.0765625
1 0.446875 0.41796875 0.05078125 0.05703125
1 0.40546875 0.365625 0.0546875 0.06328125
0 0.55390625 0.5921875 0.0765625 0.1109375
1 0.53359375 0.5109375 0.05859375 0.075
1 0.25625 0.52734375 0.06640625 0.09375
0 0.9515625 0.95703125 0.096875 0.08515625
0 0.86328125 0.91328125 0.121875 0.12265625
0 0.77421875 0.85546875 0.1125 0.1890625
0 0.64765625 0.70234375 0.11171875 0.134375
0 0.4859375 0.50390625 0.06640625 0.075
0 0.40390625 0.41875 0.04375 0.05546875
0 0.3671875 0.34765625 0.04765625 0.02890625
0 0.35703125 0.33203125 0.04921875 0.025
0 0.33671875 0.2984375 0.053125 0.0234375
0 0.34453125 0.3125 0.046875 0.02734375
0 0.32109375 0.28359375 0.05 0.02109375
0 0.309375 0.26875 0.040625 0.02265625
0 0.38828125 0.8515625 0.178125 0.17109375
0 0.3546875 0.771875 0.12890625 0.14921875
0 0.32265625 0.690625 0.1125 0.11171875
0 0.31171875 0.6328125 0.11953125 0.08671875
0 0.29140625 0.5703125 0.09765625 0.06796875