1 0.365625 0.86328125 0.11796875 0.19921875
1 0.86328125 0.89453125 0.0984375 0.18046875
1 0.53359375 0.5109375 0.0578125 0.075
1 0.60625 0.59375 0.07421875 0.10703125
1 0.44765625 0.41796875 0.05078125 0.05703125
1 0.40546875 0.365625 0.0546875 0.06328125
1 0.25546875 0.528125 0.0671875 0.08984375
1 0.71640625 0.71640625 0.078125 0.11875
0 0.9546875 0.94765625 0.090625 0.1046875
0 0.79140625 0.78828125 0.1171875 0.178125
0 0.65859375 0.64296875 0.09296875 0.13359375
0 0.56796875 0.5453125 0.06953125 0.0828125
0 0.5109375 0.47421875 0.04921875 0.071875
0 0.47890625 0.43984375 0.05 0.06953125
0 0.4265625 0.38515625 0.0421875 0.0453125
0 0.3875 0.33671875 0.0296875 0.03828125
0 0.36953125 0.3203125 0.03046875 0.0453125
0 0.35859375 0.30703125 0.0265625 0.0359375
0 0.34765625 0.290625 0.025 0.0390625
0 0.33203125 0.2765625 0.021875 0.03125
0 0.315625 0.265625 0.0234375 0.03671875
0 0.3609375 0.75859375 0.09609375 0.13671875
0 0.33828125 0.6921875 0.07734375 0.11875
0 0.31875 0.62265625 0.06796875 0.10234375
0 0.29453125 0.56484375 0.06015625 0.09609375