1 0.60703125 0.5890625 0.06328125 0.08671875
1 0.5265625 0.50625 0.06640625 0.0859375
1 0.8640625 0.91796875 0.08203125 0.134375
1 0.7703125 0.79375 0.0765625 0.12421875
1 0.30546875 0.69140625 0.1 0.128125
1 0.46796875 0.44453125 0.05703125 0.06171875
1 0.3484375 0.29921875 0.04453125 0.03984375
1 0.4015625 0.3640625 0.0578125 0.0609375
1 0.353125 0.8859375 0.1078125 0.17890625
0 0.71015625 0.73359375 0.08046875 0.1234375
1 0.2890625 0.60546875 0.0828125 0.08515625
1 0.2828125 0.55703125 0.0890625 0.0796875
0 0.5640625 0.5609375 0.05859375 0.08984375
1 0.95390625 0.95859375 0.08828125 0.08125
0 0.3796875 0.33984375 0.0296875 0.0390625
1 0.6484375 0.646875 0.07109375 0.0984375
1 0.49375 0.47578125 0.04296875 0.0640625
1 0.44140625 0.415625 0.04140625 0.05703125
1 0.4125 0.39140625 0.040625 0.05234375
0 0.3640625 0.3234375 0.02734375 0.03515625
1 0.33046875 0.2828125 0.034375 0.03046875
0 0.30546875 0.290625 0.02421875 0.02734375
0 0.30859375 0.27109375 0.03671875 0.0265625
1 0.3390625 0.7484375 0.1234375 0.16640625