1 0.6078125 0.590625 0.0640625 0.08828125
1 0.76953125 0.79140625 0.0765625 0.12578125
1 0.5265625 0.50625 0.06640625 0.0859375
1 0.41953125 0.39140625 0.05078125 0.05546875
1 0.30546875 0.690625 0.1 0.13046875
1 0.8640625 0.91796875 0.08203125 0.134375
1 0.46875 0.44453125 0.05546875 0.06171875
1 0.34921875 0.29921875 0.04453125 0.03984375
1 0.28203125 0.56953125 0.08984375 0.1046875
1 0.35390625 0.8859375 0.1078125 0.1765625
0 0.71171875 0.73359375 0.08203125 0.13203125
0 0.56328125 0.5609375 0.05703125 0.0859375
1 0.9609375 0.959375 0.075 0.07890625
0 0.3609375 0.7515625 0.10546875 0.13046875
0 0.38828125 0.39765625 0.02734375 0.0390625
0 0.39453125 0.36171875 0.03359375 0.04453125
1 0.646875 0.64140625 0.0578125 0.09453125
0 0.30703125 0.603125 0.08671875 0.07265625
1 0.49609375 0.4703125 0.03984375 0.05625
0 0.4359375 0.43359375 0.03828125 0.0640625
0 0.37890625 0.34296875 0.03359375 0.03359375
0 0.365625 0.3265625 0.02890625 0.02734375
1 0.328125 0.284375 0.034375 0.0328125
0 0.30546875 0.2921875 0.021875 0.02578125
0 0.3046875 0.2734375 0.02890625 0.01875