1 0.6859375 0.49765625 0.12109375 0.15078125
1 0.3609375 0.259375 0.06953125 0.0609375
1 0.55859375 0.38828125 0.103125 0.11171875
1 0.2390625 0.48828125 0.1 0.15625
0 0.396875 0.3640625 0.06171875 0.03671875
0 0.8078125 0.60703125 0.18203125 0.18515625
0 0.93125 0.709375 0.1375 0.221875
1 0.6015625 0.43046875 0.07734375 0.13203125
1 0.48984375 0.353125 0.07734375 0.10625
1 0.303125 0.7875 0.1953125 0.2984375
0 0.26171875 0.596875 0.1390625 0.15703125
0 0.41875 0.39140625 0.0703125 0.0640625
0 0.384375 0.3375 0.059375 0.03359375
0 0.36875 0.31875 0.05625 0.02265625
0 0.3515625 0.3046875 0.05 0.01875
0 0.3078125 0.28515625 0.0375 0.01484375
0 0.3046875 0.2734375 0.04140625 0.01640625