1 0.86015625 0.8921875 0.1046875 0.1765625
1 0.4265625 0.7625 0.10703125 0.16953125
1 0.78359375 0.80703125 0.07265625 0.12109375
1 0.96484375 0.95703125 0.06953125 0.08359375
1 0.60625 0.590625 0.07421875 0.1
1 0.6546875 0.64921875 0.0859375 0.1265625
1 0.32890625 0.75390625 0.12734375 0.146875
1 0.47421875 0.44296875 0.05859375 0.065625
1 0.53203125 0.49921875 0.06171875 0.075
1 0.71171875 0.72578125 0.0875 0.1390625
1 0.46328125 0.51171875 0.04765625 0.07109375
1 0.31015625 0.67734375 0.11171875 0.1390625
1 0.29921875 0.6109375 0.075 0.05
1 0.28046875 0.56171875 0.07421875 0.08125
1 0.26171875 0.51328125 0.05390625 0.04375
1 0.56015625 0.54296875 0.07890625 0.12265625
1 0.45078125 0.41328125 0.04453125 0.05703125
1 0.421875 0.3859375 0.05703125 0.06640625
1 0.39765625 0.36640625 0.0609375 0.07578125
1 0.37890625 0.3296875 0.04453125 0.04921875
1 0.3578125 0.31171875 0.0375 0.0515625