1 0.696875 0.64296875 0.12265625 0.13203125
0 0.80390625 0.665625 0.090625 0.05703125
0 0.78359375 0.628125 0.071875 0.04609375
0 0.6015625 0.671875 0.053125 0.04453125
0 0.5828125 0.62734375 0.07890625 0.04765625
0 0.58125 0.60390625 0.06953125 0.04453125
0 0.54921875 0.58515625 0.07890625 0.0375
0 0.5109375 0.56015625 0.096875 0.04609375
0 0.67734375 0.5828125 0.09921875 0.02890625
0 0.65546875 0.5609375 0.09609375 0.0328125
0 0.6359375 0.54140625 0.11015625 0.0328125
0 0.92421875 0.5671875 0.05546875 0.03828125
0 0.88046875 0.5484375 0.065625 0.0421875
0 0.84140625 0.528125 0.05 0.03046875
0 0.96953125 0.55390625 0.04921875 0.02890625
0 0.94453125 0.53359375 0.04375 0.03046875
0 0.9140625 0.5171875 0.06640625 0.02421875
0 0.8109375 0.51640625 0.05078125 0.0234375