1 0.8625 0.89296875 0.09921875 0.178125
1 0.78359375 0.8078125 0.07265625 0.125
1 0.96484375 0.95703125 0.06953125 0.084375
1 0.3390625 0.6515625 0.115625 0.13515625
1 0.71171875 0.7265625 0.0875 0.1390625
1 0.60546875 0.590625 0.07421875 0.1015625
1 0.6546875 0.6484375 0.08515625 0.12421875
1 0.475 0.440625 0.05546875 0.06328125
1 0.496875 0.47890625 0.05703125 0.06640625
1 0.55546875 0.546875 0.0703125 0.10390625
1 0.53046875 0.5015625 0.059375 0.07421875
1 0.44453125 0.4140625 0.046875 0.0625
1 0.42109375 0.3875 0.0625 0.06796875
1 0.39453125 0.3609375 0.06171875 0.05859375
1 0.378125 0.3296875 0.04453125 0.0484375
1 0.3578125 0.31484375 0.040625 0.05
0 0.40546875 0.8453125 0.0921875 0.16875
0 0.365625 0.7375 0.10546875 0.13046875