1 0.6078125 0.5984375 0.06015625 0.078125
1 0.5296875 0.50390625 0.06484375 0.0734375
1 0.4640625 0.44609375 0.0578125 0.05546875
1 0.32578125 0.790625 0.11796875 0.14375
1 0.421875 0.38984375 0.053125 0.05
0 0.6546875 0.67109375 0.08046875 0.1203125
1 0.3359375 0.28046875 0.03671875 0.040625
1 0.30546875 0.68671875 0.10546875 0.09765625
1 0.28046875 0.640625 0.0921875 0.1140625
0 0.95078125 0.95859375 0.09453125 0.08046875
0 0.86171875 0.91171875 0.12421875 0.175
0 0.56640625 0.565625 0.06328125 0.096875
0 0.3953125 0.36171875 0.034375 0.0484375
0 0.35234375 0.30390625 0.03046875 0.04375
0 0.49375 0.48515625 0.0484375 0.071875
1 0.3765625 0.85859375 0.1359375 0.1609375
1 0.28515625 0.5421875 0.09609375 0.09140625
0 0.77265625 0.83828125 0.08671875 0.12421875
0 0.70703125 0.7421875 0.0875 0.11015625
0 0.3703125 0.346875 0.0265625 0.0296875
0 0.3578125 0.3296875 0.02890625 0.03515625
1 0.315625 0.2703125 0.028125 0.03671875
1 0.30859375 0.25390625 0.03671875 0.03125