1 0.76953125 0.79140625 0.07578125 0.12578125
1 0.5265625 0.50625 0.06640625 0.084375
1 0.8640625 0.91796875 0.08203125 0.1359375
1 0.6078125 0.590625 0.0640625 0.08828125
1 0.41953125 0.39140625 0.0515625 0.05703125
1 0.46875 0.44453125 0.05625 0.0640625
1 0.3234375 0.76328125 0.11796875 0.153125
1 0.34921875 0.29921875 0.04453125 0.03984375
1 0.28125 0.56953125 0.09296875 0.1046875
0 0.71171875 0.734375 0.08359375 0.13125
0 0.5625 0.5640625 0.05859375 0.09296875
0 0.39453125 0.3609375 0.03203125 0.0453125
1 0.9625 0.95859375 0.07421875 0.08046875
1 0.64921875 0.65234375 0.0765625 0.090625
1 0.35546875 0.87734375 0.11953125 0.1546875
1 0.3125 0.66484375 0.0890625 0.0890625
0 0.3015625 0.6109375 0.10078125 0.09140625
1 0.49375 0.4734375 0.046875 0.04921875
0 0.4390625 0.42109375 0.03984375 0.0609375
0 0.37890625 0.34140625 0.03046875 0.03828125
0 0.36328125 0.3234375 0.02734375 0.04296875
1 0.33125 0.28046875 0.03515625 0.0328125
1 0.32265625 0.26171875 0.03046875 0.03515625
0 0.2984375 0.27578125 0.01875 0.0328125