1 0.79375 0.58046875 0.1265625 0.19453125
1 0.38671875 0.28046875 0.075 0.06875
1 0.5984375 0.42265625 0.13984375 0.16953125
1 0.4609375 0.328125 0.06875 0.08125
1 0.94765625 0.7375 0.10390625 0.3125
1 0.67265625 0.48984375 0.09375 0.2203125
1 0.528125 0.38203125 0.053125 0.0984375
1 0.48984375 0.34765625 0.0484375 0.0921875
1 0.41796875 0.30234375 0.0390625 0.08046875
1 0.334375 0.26640625 0.0359375 0.0625
1 0.2953125 0.23515625 0.03203125 0.053125
1 0.3203125 0.2390625 0.0453125 0.0421875
1 0.2734375 0.21328125 0.034375 0.0515625
0 0.20625 0.39609375 0.0859375 0.1109375
1 0.20390625 0.3328125 0.07421875 0.1140625
0 0.30078125 0.82109375 0.20859375 0.3453125
0 0.259375 0.61171875 0.14609375 0.19296875
0 0.2328125 0.48671875 0.11796875 0.134375