1 0.76953125 0.79140625 0.07578125 0.12578125
1 0.6078125 0.5890625 0.0640625 0.08671875
1 0.5265625 0.50625 0.06640625 0.084375
1 0.30546875 0.690625 0.10078125 0.13046875
1 0.8640625 0.91796875 0.08203125 0.1359375
1 0.41953125 0.39140625 0.0515625 0.05703125
1 0.46875 0.44453125 0.05546875 0.06171875
1 0.28125 0.56953125 0.09375 0.1046875
1 0.3484375 0.29921875 0.04296875 0.03984375
1 0.353125 0.8859375 0.1078125 0.1765625
0 0.71171875 0.73515625 0.0828125 0.1296875
0 0.56328125 0.56171875 0.05703125 0.0890625
1 0.96171875 0.95859375 0.075 0.08046875
0 0.309375 0.60390625 0.07421875 0.0671875
1 0.65 0.64609375 0.0703125 0.109375
1 0.49765625 0.4765625 0.04375 0.07421875
0 0.434375 0.4390625 0.040625 0.0640625
0 0.38828125 0.365625 0.02890625 0.03984375
0 0.37265625 0.34765625 0.02421875 0.0375
0 0.35625 0.32890625 0.025 0.0375
1 0.33046875 0.2828125 0.0359375 0.04140625
0 0.30625 0.2921875 0.02421875 0.0234375
0 0.30625 0.2734375 0.02421875 0.02421875
1 0.3328125 0.75078125 0.121875 0.13125