1 0.35546875 0.86796875 0.11484375 0.18046875
1 0.3203125 0.76484375 0.10390625 0.14609375
1 0.30390625 0.68359375 0.1140625 0.14140625
0 0.8609375 0.88828125 0.103125 0.16015625
0 0.7875 0.82265625 0.09921875 0.15703125
0 0.71796875 0.753125 0.08984375 0.14765625
0 0.65234375 0.68125 0.075 0.1265625
0 0.6078125 0.6265625 0.07578125 0.125
0 0.57109375 0.57265625 0.0640625 0.10703125
0 0.62421875 0.5984375 0.00078125 0.00078125
0 0.5296875 0.53203125 0.05703125 0.08515625
0 0.50546875 0.49296875 0.0484375 0.07421875
0 0.47734375 0.45625 0.0453125 0.06953125
0 0.45859375 0.4328125 0.04375 0.06953125
0 0.43359375 0.40625 0.03828125 0.0640625
0 0.415625 0.38125 0.03515625 0.05078125
0 0.3984375 0.3625 0.0328125 0.04921875
0 0.38671875 0.33984375 0.03046875 0.0453125
0 0.36953125 0.32421875 0.03125 0.04609375
0 0.3546875 0.30859375 0.028125 0.0453125
0 0.2984375 0.59609375 0.09375 0.09453125
1 0.278125 0.56796875 0.06875 0.07734375
0 0.26171875 0.49609375 0.06015625 0.06875
0 0.94609375 0.93515625 0.10703125 0.1296875