0 0.96875 0.96640625 0.0625 0.06640625
0 0.91015625 0.9640625 0.0671875 0.071875
0 0.8484375 0.96015625 0.0578125 0.0640625
0 0.7921875 0.95859375 0.06640625 0.0703125
0 0.72734375 0.9546875 0.06875 0.06640625
0 0.66875 0.94921875 0.05859375 0.06953125
0 0.61015625 0.94453125 0.05703125 0.071875
0 0.55 0.934375 0.0578125 0.05546875
0 0.9640625 0.9125 0.06640625 0.0484375
0 0.90546875 0.90625 0.071875 0.05234375
0 0.8484375 0.90546875 0.06171875 0.05234375
0 0.79140625 0.89765625 0.0625 0.05234375
0 0.73515625 0.890625 0.06015625 0.04453125
1 0.67890625 0.8515625 0.05625 0.10546875
0 0.6203125 0.87890625 0.05859375 0.05625
0 0.56640625 0.8765625 0.059375 0.05390625
0 0.9359375 0.79453125 0.05390625 0.04140625
0 0.8859375 0.79296875 0.05 0.0484375
0 0.8375 0.78828125 0.05546875 0.046875
0 0.790625 0.78125 0.05390625 0.0359375
0 0.74296875 0.7765625 0.05859375 0.0359375
0 0.69140625 0.77734375 0.0609375 0.0328125
0 0.6421875 0.771875 0.05546875 0.04296875
0 0.59921875 0.7671875 0.04453125 0.034375
0 0.93046875 0.76015625 0.0484375 0.0390625
1 0.87265625 0.73203125 0.07578125 0.07890625
0 0.834375 0.75234375 0.053125 0.04921875
0 0.79140625 0.7484375 0.05703125 0.040625
0 0.74296875 0.74140625 0.05546875 0.0375
0 0.69765625 0.7375 0.0515625 0.040625
0 0.64921875 0.7328125 0.0515625 0.03515625
0 0.60703125 0.7296875 0.04453125 0.03125
0 0.9609375 0.68515625 0.053125 0.02421875
0 0.91796875 0.684375 0.04453125 0.02890625
0 0.8765625 0.68046875 0.04921875 0.028125
0 0.83046875 0.675 0.05078125 0.03203125
0 0.79140625 0.67734375 0.0515625 0.028125
0 0.74921875 0.67421875 0.05 0.02890625
0 0.70859375 0.67109375 0.0484375 0.02890625
0 0.665625 0.66796875 0.04140625 0.0296875
1 0.625 0.6421875 0.0515625 0.0578125