1 0.46328125 0.44765625 0.05859375 0.0546875
1 0.6078125 0.5984375 0.06015625 0.0796875
1 0.5296875 0.50390625 0.06484375 0.0734375
1 0.32578125 0.790625 0.11640625 0.14375
1 0.421875 0.38984375 0.05546875 0.05
1 0.3359375 0.27890625 0.03671875 0.04140625
0 0.6546875 0.66953125 0.08125 0.1234375
1 0.28046875 0.640625 0.09140625 0.1140625
0 0.8625 0.91015625 0.12421875 0.178125
0 0.39609375 0.3609375 0.03671875 0.05078125
0 0.378125 0.3453125 0.03125 0.0375
0 0.36796875 0.32265625 0.02890625 0.0453125
0 0.5671875 0.56328125 0.06171875 0.096875
0 0.49453125 0.48203125 0.0484375 0.071875
0 0.94921875 0.96015625 0.10078125 0.0796875
0 0.784375 0.83671875 0.0984375 0.1546875
0 0.69765625 0.75390625 0.09921875 0.1328125
1 0.3828125 0.8421875 0.10390625 0.1734375
1 0.309375 0.68515625 0.078125 0.1265625
1 0.29140625 0.54453125 0.071875 0.09296875
1 0.434375 0.415625 0.03828125 0.059375
0 0.346875 0.309375 0.02421875 0.03515625
1 0.3140625 0.2734375 0.021875 0.03984375
1 0.30546875 0.25859375 0.02578125 0.03828125