1 0.76953125 0.79140625 0.0765625 0.12578125
1 0.6078125 0.590625 0.0640625 0.0859375
1 0.8640625 0.91796875 0.08203125 0.134375
1 0.70390625 0.7234375 0.075 0.10703125
1 0.3234375 0.76015625 0.11953125 0.1609375
0 0.43203125 0.43359375 0.04296875 0.07109375
1 0.46875 0.44453125 0.05625 0.0640625
1 0.5265625 0.50390625 0.0671875 0.08203125
0 0.37421875 0.3671875 0.034375 0.05390625
0 0.34296875 0.33828125 0.0234375 0.04609375
1 0.37109375 0.33046875 0.04375 0.0484375
1 0.41953125 0.390625 0.05234375 0.05859375
1 0.284375 0.640625 0.08359375 0.096875
1 0.25703125 0.528125 0.06953125 0.078125
1 0.31640625 0.2890625 0.03984375 0.04453125
0 0.28984375 0.57109375 0.07421875 0.07578125
1 0.96015625 0.95703125 0.07578125 0.084375
1 0.65234375 0.646875 0.05859375 0.090625
1 0.3609375 0.87890625 0.13671875 0.153125
1 0.31796875 0.6625 0.09609375 0.07734375
1 0.55625 0.55546875 0.078125 0.09609375
1 0.49375 0.4734375 0.05234375 0.071875
1 0.39296875 0.36953125 0.03828125 0.0375
1 0.3453125 0.29609375 0.04921875 0.04375
1 0.32578125 0.2625 0.0453125 0.03515625