1 0.76953125 0.79140625 0.07578125 0.12578125
1 0.5265625 0.50625 0.06640625 0.084375
1 0.8640625 0.91875 0.08203125 0.13515625
1 0.41953125 0.39140625 0.0515625 0.05703125
1 0.3234375 0.76015625 0.11953125 0.1609375
1 0.46875 0.44453125 0.05625 0.0640625
1 0.37109375 0.33125 0.04296875 0.046875
0 0.65 0.66953125 0.09296875 0.12109375
1 0.309375 0.68359375 0.10234375 0.12109375
1 0.28359375 0.640625 0.084375 0.09921875
1 0.6078125 0.58984375 0.06328125 0.0890625
0 0.2921875 0.565625 0.08828125 0.0546875
1 0.325 0.26796875 0.03203125 0.0359375
0 0.55546875 0.56953125 0.06796875 0.09140625
0 0.434375 0.43671875 0.03828125 0.05390625
1 0.96484375 0.96015625 0.06796875 0.078125
1 0.25703125 0.528125 0.06796875 0.078125
1 0.3625 0.8578125 0.1359375 0.14765625
0 0.7046875 0.7421875 0.09765625 0.11875
1 0.48984375 0.4796875 0.04453125 0.0671875
0 0.38671875 0.39609375 0.0359375 0.05234375
0 0.3875 0.3578125 0.034375 0.05390625
0 0.3390625 0.33828125 0.0265625 0.034375
1 0.34453125 0.3015625 0.040625 0.0375
0 0.3140625 0.3046875 0.02109375 0.03125
0 0.29921875 0.27421875 0.02578125 0.02890625