1 0.86328125 0.8953125 0.09765625 0.18125
1 0.71640625 0.71796875 0.07734375 0.1203125
0 0.50078125 0.4828125 0.04453125 0.071875
1 0.53359375 0.5109375 0.05703125 0.0765625
1 0.365625 0.8640625 0.11796875 0.196875
1 0.32734375 0.77421875 0.12109375 0.16015625
1 0.60625 0.59140625 0.0734375 0.10390625
1 0.6546875 0.64921875 0.084375 0.12890625
1 0.44765625 0.41796875 0.05078125 0.05703125
1 0.40546875 0.365625 0.0546875 0.06328125
1 0.25625 0.5265625 0.0671875 0.09296875
0 0.9515625 0.9546875 0.096875 0.090625
0 0.784375 0.8265625 0.08046875 0.1328125
0 0.5640625 0.55625 0.059375 0.090625
0 0.475 0.4484375 0.04140625 0.071875
0 0.4078125 0.40078125 0.04140625 0.06015625
0 0.36015625 0.35859375 0.02578125 0.03671875
0 0.34375 0.33984375 0.025 0.0375
0 0.334375 0.321875 0.0234375 0.03828125
0 0.32109375 0.30390625 0.025 0.03984375
0 0.31171875 0.2859375 0.0234375 0.0390625
0 0.3 0.27421875 0.025 0.04140625
0 0.3328125 0.67421875 0.06484375 0.0921875
0 0.3140625 0.625 0.0625 0.10078125
0 0.29140625 0.56484375 0.06484375 0.09609375