1 0.46328125 0.44765625 0.05859375 0.0546875
1 0.6078125 0.5984375 0.06015625 0.078125
1 0.5296875 0.50390625 0.06484375 0.0734375
1 0.32578125 0.790625 0.11796875 0.14375
1 0.35859375 0.30859375 0.0453125 0.04921875
1 0.28046875 0.640625 0.09140625 0.1140625
0 0.6515625 0.66953125 0.08828125 0.12109375
0 0.95078125 0.95859375 0.09375 0.08046875
0 0.8625 0.90859375 0.12578125 0.18046875
1 0.30703125 0.25390625 0.03125 0.0359375
0 0.565625 0.56328125 0.0640625 0.0953125
0 0.48984375 0.490625 0.0484375 0.0640625
0 0.40390625 0.421875 0.034375 0.034375
0 0.3609375 0.353125 0.03515625 0.03125
0 0.77265625 0.834375 0.0890625 0.12734375
0 0.70859375 0.7578125 0.0828125 0.12265625
1 0.3875 0.85390625 0.09921875 0.13671875
1 0.309375 0.671875 0.0734375 0.1109375
1 0.29140625 0.54609375 0.0703125 0.0921875
1 0.43359375 0.4125 0.0359375 0.059375
0 0.39140625 0.39375 0.03515625 0.03671875
0 0.37890625 0.3703125 0.034375 0.03125
1 0.33359375 0.28046875 0.02421875 0.040625
1 0.31171875 0.26953125 0.01953125 0.03828125
1 0.25859375 0.5765625 0.003125 0.00390625