1 0.6078125 0.5890625 0.0640625 0.08671875
1 0.76953125 0.79140625 0.0765625 0.12578125
1 0.5265625 0.50625 0.06640625 0.0859375
1 0.8640625 0.91796875 0.08203125 0.1359375
1 0.3046875 0.69140625 0.1015625 0.128125
0 0.346875 0.3359375 0.03671875 0.03359375
1 0.34921875 0.29921875 0.04375 0.03984375
1 0.35390625 0.8859375 0.10859375 0.1765625
1 0.4015625 0.3640625 0.05859375 0.0609375
1 0.46796875 0.44453125 0.05625 0.06171875
1 0.2875 0.61015625 0.084375 0.07890625
1 0.2828125 0.55703125 0.08984375 0.078125
0 0.56328125 0.56171875 0.05859375 0.0890625
0 0.71015625 0.73359375 0.0828125 0.13828125
1 0.95546875 0.95703125 0.08671875 0.084375
1 0.33671875 0.74765625 0.13046875 0.1328125
1 0.64296875 0.646875 0.06171875 0.0875
1 0.49140625 0.4765625 0.0359375 0.0640625
1 0.440625 0.415625 0.04140625 0.05546875
1 0.4140625 0.39296875 0.04609375 0.0546875
0 0.3640625 0.375 0.02265625 0.04609375
0 0.35390625 0.3578125 0.0359375 0.034375
1 0.32890625 0.28203125 0.02734375 0.03515625
0 0.30703125 0.2890625 0.02265625 0.028125
0 0.30390625 0.27734375 0.0328125 0.0234375