1 0.76953125 0.79140625 0.07578125 0.12578125
1 0.5265625 0.50625 0.06640625 0.0859375
1 0.6078125 0.590625 0.06328125 0.08828125
1 0.8640625 0.91796875 0.08203125 0.1359375
1 0.41953125 0.39140625 0.05234375 0.05703125
1 0.3234375 0.76015625 0.11953125 0.1609375
1 0.46875 0.44453125 0.05703125 0.0640625
1 0.37109375 0.33046875 0.04296875 0.0484375
1 0.32265625 0.66796875 0.08515625 0.096875
1 0.28359375 0.64140625 0.08359375 0.0984375
0 0.6546875 0.66953125 0.08359375 0.1234375
0 0.95234375 0.95859375 0.0921875 0.08046875
1 0.325 0.26796875 0.03203125 0.0359375
0 0.29140625 0.56640625 0.0859375 0.0609375
0 0.56015625 0.56796875 0.059375 0.08984375
0 0.43359375 0.43515625 0.03828125 0.0484375
1 0.36015625 0.8828125 0.13984375 0.15703125
0 0.703125 0.7453125 0.090625 0.103125
1 0.4921875 0.47890625 0.03828125 0.071875
0 0.38203125 0.39921875 0.0296875 0.046875
0 0.3796875 0.36640625 0.04140625 0.034375
0 0.33984375 0.33828125 0.028125 0.03984375
1 0.34921875 0.3015625 0.0484375 0.0453125
0 0.315625 0.3046875 0.02421875 0.03125
1 0.30546875 0.25625 0.02734375 0.03515625