1 0.8625 0.89140625 0.1015625 0.175
1 0.71171875 0.7265625 0.0859375 0.13828125
1 0.78359375 0.80859375 0.07265625 0.12578125
1 0.96484375 0.95703125 0.06953125 0.08359375
1 0.60625 0.59140625 0.07421875 0.103125
1 0.35859375 0.8625 0.13125 0.19921875
1 0.6546875 0.64921875 0.084375 0.125
1 0.5625 0.54453125 0.07890625 0.103125
1 0.475 0.440625 0.05546875 0.06328125
1 0.52421875 0.50625 0.05625 0.07578125
1 0.49296875 0.4765625 0.0484375 0.0703125
1 0.4453125 0.4140625 0.04453125 0.05
1 0.41328125 0.3875 0.0421875 0.0640625
1 0.39296875 0.365625 0.05703125 0.065625
1 0.3734375 0.3328125 0.040625 0.04765625
1 0.35390625 0.3109375 0.0328125 0.0515625
1 0.328125 0.76484375 0.14140625 0.1765625
1 0.315625 0.66796875 0.1046875 0.11875
1 0.2953125 0.61015625 0.0859375 0.0703125
1 0.28203125 0.5546875 0.07578125 0.06640625