1 0.60703125 0.5890625 0.06328125 0.08671875
1 0.76953125 0.79140625 0.07578125 0.12578125
1 0.5265625 0.50625 0.06640625 0.0859375
1 0.8640625 0.91796875 0.08203125 0.1359375
1 0.3046875 0.690625 0.10078125 0.13046875
1 0.41953125 0.39140625 0.0515625 0.05546875
1 0.46875 0.44453125 0.05546875 0.06171875
1 0.28203125 0.56953125 0.08984375 0.1046875
1 0.3484375 0.29921875 0.04296875 0.03984375
1 0.353125 0.8859375 0.10859375 0.1765625
0 0.7109375 0.73203125 0.0828125 0.13359375
0 0.56484375 0.56015625 0.05625 0.0890625
1 0.9625 0.95859375 0.0734375 0.08046875
0 0.43515625 0.43203125 0.03828125 0.05
1 0.65234375 0.64921875 0.08125 0.13515625
1 0.496875 0.47734375 0.0484375 0.0671875
1 0.33203125 0.7609375 0.128125 0.1625
0 0.3921875 0.36328125 0.03515625 0.04453125
0 0.3796875 0.3453125 0.03671875 0.04140625
0 0.3640625 0.32734375 0.03515625 0.0375
1 0.3328125 0.28203125 0.03125 0.0375
0 0.30703125 0.290625 0.02265625 0.02734375
0 0.3078125 0.26953125 0.02734375 0.02421875
0 0.30703125 0.6015625 0.09140625 0.07734375