1 0.76953125 0.79140625 0.07578125 0.12578125
1 0.5265625 0.50546875 0.0671875 0.08515625
1 0.6078125 0.58984375 0.0640625 0.0890625
1 0.8640625 0.91796875 0.08125 0.1359375
1 0.41953125 0.39140625 0.0515625 0.05546875
1 0.3046875 0.690625 0.10078125 0.12890625
1 0.46875 0.44453125 0.05546875 0.0640625
1 0.28125 0.57109375 0.09296875 0.10390625
1 0.34921875 0.29921875 0.04453125 0.03984375
1 0.35390625 0.88671875 0.1078125 0.178125
0 0.5546875 0.57109375 0.0734375 0.10703125
0 0.709375 0.73828125 0.0828125 0.1265625
0 0.4328125 0.43671875 0.04140625 0.0515625
1 0.96328125 0.959375 0.07265625 0.07890625
0 0.3015625 0.61015625 0.1078125 0.06328125
0 0.36875 0.346875 0.04609375 0.03046875
1 0.6515625 0.64375 0.06953125 0.10703125
1 0.33125 0.74140625 0.11328125 0.146875
1 0.49609375 0.47265625 0.04375 0.071875
0 0.3859375 0.3953125 0.03203125 0.04765625
0 0.384375 0.36328125 0.05078125 0.02890625
0 0.35625 0.3296875 0.04765625 0.02890625
1 0.33125 0.28359375 0.03359375 0.0375
1 0.32421875 0.2640625 0.03046875 0.040625
0 0.29921875 0.27421875 0.0203125 0.03046875