1 0.6078125 0.5984375 0.06015625 0.078125
1 0.5296875 0.50390625 0.06484375 0.0734375
1 0.4640625 0.44765625 0.0578125 0.0546875
1 0.32578125 0.790625 0.11796875 0.14375
1 0.3359375 0.27890625 0.03671875 0.04140625
0 0.86171875 0.91171875 0.1234375 0.17421875
1 0.28046875 0.640625 0.0890625 0.1140625
0 0.65 0.67265625 0.08984375 0.1234375
0 0.5625 0.56640625 0.06640625 0.0890625
0 0.48828125 0.490625 0.05234375 0.0640625
0 0.3453125 0.33359375 0.0296875 0.03359375
0 0.3328125 0.31875 0.03515625 0.0390625
0 0.3921875 0.39140625 0.03671875 0.04453125
0 0.40546875 0.41328125 0.0328125 0.03828125
0 0.775 0.8390625 0.08046875 0.1265625
0 0.94921875 0.96640625 0.10078125 0.06640625
0 0.70390625 0.7515625 0.08515625 0.13671875
1 0.38671875 0.85078125 0.10234375 0.17578125
1 0.30859375 0.671875 0.0890625 0.09921875
1 0.29296875 0.54921875 0.065625 0.090625
1 0.434375 0.4234375 0.0421875 0.05
0 0.37578125 0.37265625 0.0359375 0.03828125
0 0.36328125 0.3546875 0.03359375 0.03046875
1 0.3140625 0.27109375 0.0203125 0.0421875
1 0.30390625 0.2546875 0.02265625 0.04375