1 0.76953125 0.79140625 0.0765625 0.12578125
1 0.5265625 0.50546875 0.06640625 0.08515625
1 0.8640625 0.91796875 0.08203125 0.1359375
1 0.41953125 0.39140625 0.05234375 0.05703125
1 0.60703125 0.590625 0.06328125 0.08828125
1 0.3234375 0.76015625 0.11953125 0.1609375
1 0.46875 0.44453125 0.05625 0.0640625
1 0.37109375 0.33125 0.04296875 0.046875
0 0.6546875 0.66796875 0.0828125 0.1265625
1 0.28515625 0.640625 0.08359375 0.096875
0 0.32109375 0.30625 0.02421875 0.03125
1 0.32578125 0.26875 0.03359375 0.03671875
0 0.5625 0.565625 0.05859375 0.09140625
1 0.2578125 0.528125 0.07109375 0.078125
0 0.28984375 0.57109375 0.08203125 0.078125
0 0.39296875 0.35625 0.0359375 0.053125
1 0.95703125 0.95703125 0.08203125 0.084375
0 0.7109375 0.7453125 0.07109375 0.11328125
1 0.365625 0.8578125 0.11328125 0.14140625
1 0.31328125 0.6578125 0.0984375 0.065625
1 0.49375 0.47734375 0.04453125 0.0578125
0 0.434375 0.4296875 0.04296875 0.059375
0 0.38515625 0.396875 0.03125 0.0421875
0 0.3421875 0.3359375 0.028125 0.04296875
1 0.35078125 0.303125 0.04296875 0.04453125
0 0.29765625 0.2734375 0.02734375 0.02890625