1 0.78359375 0.809375 0.07265625 0.125
1 0.86015625 0.89140625 0.103125 0.1734375
1 0.96484375 0.95703125 0.06875 0.08359375
1 0.37734375 0.83125 0.13203125 0.196875
1 0.60625 0.59140625 0.07421875 0.09921875
1 0.6546875 0.64765625 0.08515625 0.125
1 0.7109375 0.72578125 0.08984375 0.1390625
1 0.328125 0.765625 0.128125 0.16796875
1 0.475 0.4421875 0.05546875 0.065625
1 0.55859375 0.55078125 0.0765625 0.1125
1 0.52578125 0.5046875 0.059375 0.0828125
1 0.496875 0.48046875 0.053125 0.07265625
1 0.44765625 0.4125 0.04765625 0.0515625
1 0.41953125 0.3953125 0.0484375 0.05546875
1 0.39453125 0.365625 0.0640625 0.05859375
1 0.378125 0.3265625 0.04453125 0.05
1 0.3578125 0.3125 0.04140625 0.040625
0 0.33125 0.3 0.0203125 0.025
1 0.31953125 0.6609375 0.1015625 0.1015625
1 0.296875 0.61640625 0.0859375 0.06484375
1 0.28046875 0.55859375 0.07734375 0.071875