0 0.9703125 0.96953125 0.059375 0.0609375
0 0.90625 0.96953125 0.06484375 0.05703125
0 0.84765625 0.9609375 0.06796875 0.06953125
0 0.79609375 0.959375 0.065625 0.0671875
0 0.73515625 0.95703125 0.07109375 0.0625
0 0.66875 0.9484375 0.05625 0.07890625
0 0.61171875 0.9515625 0.07109375 0.07421875
0 0.54453125 0.9390625 0.06953125 0.08515625
0 0.96328125 0.90859375 0.06640625 0.05390625
0 0.9046875 0.90703125 0.0671875 0.0546875
0 0.846875 0.90234375 0.059375 0.053125
0 0.790625 0.89765625 0.06171875 0.05
0 0.734375 0.88671875 0.05625 0.05546875
1 0.6796875 0.8484375 0.0671875 0.11875
0 0.61484375 0.88046875 0.06328125 0.06171875
1 0.5640625 0.85078125 0.07421875 0.0984375
0 0.94140625 0.80078125 0.046875 0.053125
0 0.93203125 0.7609375 0.04609375 0.034375
1 0.88828125 0.77265625 0.0421875 0.08359375
0 0.8359375 0.78828125 0.0453125 0.04921875
0 0.78984375 0.7890625 0.053125 0.04140625
0 0.74140625 0.78125 0.04921875 0.02890625
0 0.6890625 0.77265625 0.0515625 0.028125
0 0.6421875 0.7734375 0.0484375 0.03359375
0 0.5984375 0.76953125 0.04453125 0.03046875
0 0.83828125 0.75 0.0421875 0.028125
0 0.79140625 0.75 0.04921875 0.0359375
0 0.74296875 0.7453125 0.05078125 0.03046875
0 0.69765625 0.740625 0.04765625 0.028125
0 0.65078125 0.73828125 0.04921875 0.03125
0 0.6078125 0.734375 0.04375 0.025
0 0.9578125 0.6890625 0.04453125 0.02734375
0 0.915625 0.68515625 0.0453125 0.02421875
0 0.87421875 0.684375 0.0421875 0.02421875
0 0.8328125 0.68046875 0.04453125 0.02265625
0 0.790625 0.678125 0.0453125 0.02421875
0 0.75 0.671875 0.0421875 0.03125
0 0.70703125 0.67109375 0.0421875 0.0296875
0 0.66640625 0.67109375 0.046875 0.025
0 0.6296875 0.6671875 0.0421875 0.02734375