1 0.71640625 0.7171875 0.078125 0.11953125
1 0.86328125 0.89453125 0.0984375 0.18046875
1 0.60625 0.59296875 0.07421875 0.10625
1 0.365625 0.8640625 0.11796875 0.19921875
1 0.32734375 0.775 0.121875 0.1609375
1 0.44765625 0.41796875 0.05078125 0.05703125
1 0.40546875 0.365625 0.0546875 0.06328125
1 0.25703125 0.52578125 0.06484375 0.09296875
1 0.53359375 0.5109375 0.05859375 0.075
0 0.95546875 0.96171875 0.08828125 0.07578125
0 0.7734375 0.8484375 0.11953125 0.14140625
0 0.6375 0.69296875 0.075 0.109375
0 0.5484375 0.57890625 0.06015625 0.0796875
0 0.4890625 0.496875 0.0625 0.0515625
0 0.46953125 0.45703125 0.0609375 0.03828125
0 0.4046875 0.4234375 0.0375 0.05390625
0 0.37265625 0.346875 0.0515625 0.028125
0 0.3578125 0.32578125 0.04453125 0.0265625
0 0.3453125 0.31171875 0.04765625 0.02265625
0 0.33359375 0.29375 0.04296875 0.01953125
0 0.31875 0.27890625 0.04296875 0.01796875
0 0.31015625 0.26953125 0.0328125 0.0203125
0 0.31171875 0.6640625 0.09765625 0.04609375
0 0.29609375 0.6296875 0.1 0.07734375
0 0.29140625 0.57421875 0.08671875 0.0625