1 0.79375 0.58046875 0.1265625 0.19453125
1 0.38671875 0.27890625 0.07421875 0.06953125
1 0.59921875 0.4234375 0.14140625 0.16875
1 0.46171875 0.32890625 0.06875 0.0859375
1 0.32265625 0.23671875 0.07265625 0.0609375
1 0.946875 0.72890625 0.10625 0.2953125
1 0.68671875 0.478125 0.10234375 0.196875
1 0.53515625 0.38046875 0.04921875 0.08359375
1 0.4921875 0.35859375 0.04609375 0.10390625
1 0.41875 0.29765625 0.034375 0.0859375
1 0.3359375 0.25859375 0.02734375 0.05234375
1 0.27109375 0.215625 0.02421875 0.0484375
1 0.29765625 0.22890625 0.02890625 0.04140625
1 0.20390625 0.3171875 0.06953125 0.12421875
0 0.31953125 0.81328125 0.22421875 0.31640625
0 0.2671875 0.6390625 0.146875 0.2078125
0 0.23359375 0.4859375 0.11875 0.13046875
0 0.215625 0.415625 0.0890625 0.10703125