1 0.365625 0.8640625 0.11796875 0.2
1 0.86328125 0.89609375 0.09765625 0.18203125
1 0.71640625 0.7171875 0.07734375 0.11953125
1 0.96484375 0.95703125 0.06953125 0.08359375
1 0.48203125 0.49296875 0.06328125 0.07421875
1 0.6546875 0.65078125 0.084375 0.12890625
1 0.5328125 0.50859375 0.05703125 0.071875
1 0.60625 0.59296875 0.07421875 0.10390625
1 0.5625 0.546875 0.08046875 0.1046875
1 0.446875 0.41796875 0.0515625 0.05546875
1 0.25625 0.52578125 0.06484375 0.0859375
0 0.77890625 0.81640625 0.1 0.14609375
0 0.459375 0.45078125 0.05390625 0.05703125
1 0.421875 0.38671875 0.065625 0.059375
1 0.40078125 0.3578125 0.046875 0.06171875
0 0.3640625 0.3515625 0.02734375 0.04375
0 0.34921875 0.33515625 0.025 0.03984375
0 0.33671875 0.31640625 0.02265625 0.0375
0 0.3265625 0.30078125 0.02734375 0.03984375
0 0.3140625 0.28515625 0.02265625 0.0375
0 0.30078125 0.27421875 0.021875 0.0359375
0 0.365625 0.73203125 0.0609375 0.0953125
0 0.346875 0.684375 0.06015625 0.0890625
0 0.3171875 0.62265625 0.0578125 0.0875
0 0.29765625 0.57421875 0.05 0.08515625