1 0.86328125 0.8953125 0.0984375 0.18125
1 0.71640625 0.7171875 0.078125 0.11953125
1 0.534375 0.5109375 0.0578125 0.075
1 0.365625 0.8640625 0.11796875 0.19609375
1 0.32734375 0.77421875 0.12265625 0.159375
1 0.60625 0.59296875 0.07421875 0.10625
0 0.465625 0.4546875 0.059375 0.065625
0 0.415625 0.409375 0.05 0.059375
1 0.44765625 0.41796875 0.05078125 0.059375
1 0.40546875 0.365625 0.0546875 0.06328125
1 0.2546875 0.52421875 0.06875 0.09140625
0 0.9515625 0.9625 0.09375 0.075
0 0.77265625 0.82734375 0.11484375 0.13984375
0 0.64375 0.68359375 0.08671875 0.140625
0 0.5578125 0.5734375 0.06328125 0.0921875
0 0.49296875 0.49453125 0.06171875 0.0703125
0 0.371875 0.37890625 0.025 0.0359375
0 0.3703125 0.35 0.03828125 0.03359375
0 0.35703125 0.328125 0.03828125 0.034375
0 0.34453125 0.3171875 0.0390625 0.03203125
0 0.3328125 0.3 0.03671875 0.0296875
0 0.31796875 0.28515625 0.03359375 0.0265625
0 0.303125 0.27421875 0.03203125 0.02421875
0 0.32890625 0.6828125 0.13203125 0.08671875
0 0.321875 0.6203125 0.0921875 0.08125
0 0.2953125 0.5734375 0.0796875 0.0671875