1 0.86328125 0.8953125 0.09765625 0.18125
1 0.71640625 0.71796875 0.078125 0.1203125
1 0.32890625 0.7734375 0.11953125 0.16015625
1 0.53359375 0.51015625 0.05859375 0.07578125
1 0.365625 0.86484375 0.11796875 0.1984375
1 0.60625 0.59296875 0.07421875 0.10390625
1 0.6546875 0.65 0.084375 0.128125
1 0.40546875 0.365625 0.05390625 0.06328125
1 0.25625 0.52421875 0.06640625 0.08828125
1 0.44765625 0.41796875 0.05078125 0.05703125
0 0.95 0.94921875 0.1 0.1015625
0 0.78515625 0.821875 0.11640625 0.1796875
0 0.56875 0.553125 0.059375 0.0875
0 0.50390625 0.4734375 0.053125 0.075
0 0.4765625 0.43828125 0.0453125 0.07421875
0 0.42265625 0.3796875 0.03984375 0.06484375
0 0.38359375 0.34375 0.03125 0.04609375
0 0.375 0.3234375 0.028125 0.0453125
0 0.35625 0.30546875 0.02578125 0.0421875
0 0.3453125 0.29140625 0.0234375 0.03828125
0 0.33359375 0.27890625 0.02421875 0.03515625
0 0.3171875 0.2640625 0.0234375 0.03671875
0 0.3375 0.68046875 0.07578125 0.10390625
0 0.30703125 0.63984375 0.078125 0.11015625
0 0.2921875 0.56171875 0.075 0.1078125