1 0.76953125 0.79140625 0.0765625 0.12578125
1 0.6078125 0.5890625 0.0640625 0.08671875
1 0.5265625 0.50625 0.06640625 0.0859375
1 0.8640625 0.91796875 0.08203125 0.134375
1 0.41953125 0.39140625 0.0515625 0.05703125
1 0.30546875 0.690625 0.1 0.13046875
1 0.46875 0.44453125 0.05546875 0.06171875
1 0.3484375 0.29921875 0.04453125 0.03984375
0 0.30625 0.6078125 0.1109375 0.07421875
1 0.2828125 0.56953125 0.0890625 0.1046875
1 0.35234375 0.8859375 0.10859375 0.1765625
0 0.71171875 0.73671875 0.08515625 0.1390625
0 0.5640625 0.5609375 0.05703125 0.08828125
0 0.39453125 0.3609375 0.0328125 0.0453125
1 0.9609375 0.959375 0.07578125 0.07890625
0 0.30625 0.2890625 0.02421875 0.03203125
0 0.30625 0.26875 0.02421875 0.03046875
1 0.65234375 0.64453125 0.07734375 0.1125
1 0.49609375 0.47734375 0.04453125 0.0671875
1 0.3296875 0.284375 0.02890625 0.040625
1 0.33828125 0.75078125 0.11953125 0.1375
0 0.43671875 0.434375 0.05078125 0.0640625
0 0.3765625 0.34296875 0.03203125 0.0421875
0 0.36484375 0.32578125 0.03046875 0.03671875