1 0.365625 0.86484375 0.1171875 0.2
1 0.71640625 0.71796875 0.078125 0.1203125
1 0.53359375 0.5109375 0.05859375 0.07578125
1 0.44765625 0.41796875 0.05078125 0.05703125
1 0.40546875 0.365625 0.0546875 0.06328125
1 0.25625 0.52578125 0.06640625 0.09453125
1 0.59921875 0.6109375 0.05859375 0.07421875
0 0.95390625 0.9609375 0.09140625 0.078125
0 0.8671875 0.91328125 0.13046875 0.14296875
0 0.77265625 0.83046875 0.11484375 0.13671875
0 0.65546875 0.67265625 0.0859375 0.1140625
0 0.5625 0.5671875 0.05703125 0.071875
0 0.5 0.48515625 0.05546875 0.06875
0 0.471875 0.459375 0.04765625 0.0640625
0 0.41015625 0.41015625 0.0359375 0.04453125
0 0.3703125 0.378125 0.02421875 0.03359375
0 0.35546875 0.359375 0.0234375 0.02890625
0 0.34140625 0.3421875 0.02265625 0.0265625
0 0.328125 0.32734375 0.02265625 0.028125
0 0.3171875 0.30546875 0.02265625 0.02734375
0 0.30625 0.2921875 0.0203125 0.02578125
0 0.29453125 0.278125 0.01875 0.02265625
0 0.36171875 0.71953125 0.0640625 0.07734375
0 0.34140625 0.67578125 0.065625 0.09296875
0 0.315625 0.61640625 0.05625 0.0796875
0 0.29765625 0.5734375 0.04921875 0.07265625