1 0.7703125 0.79140625 0.0765625 0.128125
1 0.6078125 0.590625 0.0640625 0.08828125
1 0.5265625 0.50625 0.06640625 0.0859375
1 0.8640625 0.91875 0.08203125 0.13515625
1 0.3234375 0.76015625 0.11796875 0.1609375
1 0.37109375 0.33125 0.04375 0.046875
1 0.46875 0.44453125 0.05546875 0.0640625
1 0.41953125 0.39140625 0.05234375 0.05703125
1 0.2828125 0.640625 0.0859375 0.09375
0 0.7125 0.728125 0.08671875 0.13359375
0 0.5640625 0.5609375 0.0578125 0.0859375
1 0.33203125 0.28203125 0.03828125 0.0390625
1 0.95859375 0.95859375 0.07890625 0.08046875
1 0.6484375 0.64609375 0.05859375 0.109375
1 0.3578125 0.86953125 0.1125 0.1484375
1 0.31015625 0.66328125 0.1046875 0.07578125
1 0.27734375 0.56171875 0.0765625 0.0859375
1 0.49140625 0.47890625 0.03671875 0.06640625
0 0.4328125 0.43046875 0.0421875 0.06328125
1 0.396875 0.3703125 0.0390625 0.04140625
0 0.371875 0.37421875 0.0296875 0.0484375
0 0.3390625 0.33359375 0.0265625 0.0390625
1 0.35234375 0.29921875 0.04296875 0.03828125
1 0.32109375 0.26328125 0.02421875 0.0390625
0 0.30078125 0.27265625 0.028125 0.0265625