1 0.71640625 0.7171875 0.078125 0.11953125
1 0.86328125 0.8953125 0.0984375 0.18125
1 0.365625 0.8640625 0.11796875 0.19921875
1 0.60625 0.59375 0.07421875 0.10703125
1 0.32734375 0.77421875 0.12265625 0.1609375
1 0.40546875 0.365625 0.0546875 0.06328125
1 0.44765625 0.4171875 0.05078125 0.05859375
1 0.53359375 0.5109375 0.05859375 0.075
1 0.25625 0.528125 0.06484375 0.0859375
0 0.95390625 0.95234375 0.09140625 0.09453125
0 0.78359375 0.80390625 0.09296875 0.14375
0 0.6546875 0.6734375 0.08046875 0.1203125
0 0.55625 0.5515625 0.0609375 0.090625
0 0.5 0.484375 0.05078125 0.053125
0 0.47109375 0.4484375 0.0453125 0.053125
0 0.42578125 0.3890625 0.040625 0.0421875
0 0.3765625 0.34609375 0.025 0.03671875
0 0.3625 0.328125 0.02109375 0.03515625
0 0.35 0.31328125 0.01875 0.0296875
0 0.3375 0.296875 0.01953125 0.02734375
0 0.328125 0.284375 0.01875 0.02890625
0 0.31328125 0.26796875 0.0203125 0.0296875
0 0.33828125 0.675 0.059375 0.09375
0 0.3140625 0.62421875 0.06484375 0.10078125
0 0.29296875 0.57578125 0.05625 0.0828125