1 0.7703125 0.79140625 0.0765625 0.128125
1 0.5265625 0.50625 0.06640625 0.084375
1 0.8640625 0.91796875 0.08203125 0.13203125
1 0.41953125 0.39140625 0.0515625 0.05703125
1 0.60703125 0.590625 0.06328125 0.08828125
1 0.3234375 0.76015625 0.11953125 0.1609375
1 0.46875 0.44453125 0.05546875 0.0640625
1 0.37109375 0.33125 0.04296875 0.046875
0 0.65546875 0.66796875 0.08125 0.1265625
1 0.28359375 0.640625 0.084375 0.096875
1 0.3265625 0.26640625 0.03359375 0.03671875
0 0.9515625 0.95703125 0.09296875 0.084375
1 0.25703125 0.52890625 0.07109375 0.07890625
0 0.56328125 0.56328125 0.05859375 0.09140625
0 0.28828125 0.57109375 0.08046875 0.078125
0 0.39296875 0.35703125 0.03515625 0.0515625
0 0.70390625 0.73984375 0.078125 0.1421875
1 0.35859375 0.88125 0.12109375 0.16953125
1 0.49453125 0.478125 0.0484375 0.06484375
0 0.43203125 0.43359375 0.046875 0.06015625
1 0.34609375 0.29765625 0.040625 0.0453125
0 0.34140625 0.33515625 0.028125 0.03203125
0 0.31953125 0.3046875 0.025 0.03125
1 0.30703125 0.25625 0.025 0.03515625
1 0.3125 0.66953125 0.08671875 0.11953125