1 0.71640625 0.7171875 0.078125 0.11953125
1 0.365625 0.86484375 0.11796875 0.1984375
1 0.60625 0.59375 0.07421875 0.10546875
1 0.32734375 0.77421875 0.12265625 0.16015625
1 0.40546875 0.365625 0.0546875 0.06328125
0 0.4140625 0.40546875 0.053125 0.08828125
1 0.44765625 0.41796875 0.05078125 0.05703125
1 0.8625 0.89453125 0.09921875 0.18046875
1 0.53359375 0.5109375 0.05859375 0.0765625
1 0.25625 0.5265625 0.06640625 0.0890625
0 0.9453125 0.95234375 0.0875 0.0953125
0 0.78046875 0.80703125 0.08984375 0.12578125
0 0.66015625 0.6625 0.07890625 0.12578125
0 0.5640625 0.55625 0.06171875 0.09375
0 0.503125 0.490625 0.05078125 0.0703125
0 0.47265625 0.4546875 0.046875 0.08515625
0 0.371875 0.3484375 0.0484375 0.0609375
0 0.359375 0.33046875 0.0390625 0.0390625
0 0.34765625 0.31015625 0.02890625 0.03515625
0 0.3328125 0.296875 0.028125 0.034375
0 0.32265625 0.2859375 0.0265625 0.03359375
0 0.31171875 0.2734375 0.03359375 0.0296875
0 0.33828125 0.6671875 0.08515625 0.075
0 0.3125 0.61484375 0.0828125 0.08359375
0 0.2953125 0.56484375 0.07109375 0.07421875