1 0.6859375 0.4984375 0.1203125 0.1515625
1 0.36171875 0.26015625 0.06953125 0.0609375
1 0.5609375 0.38671875 0.11015625 0.11484375
1 0.2390625 0.48828125 0.09921875 0.15625
0 0.80703125 0.60859375 0.18203125 0.1859375
0 0.9375 0.75078125 0.125 0.2421875
1 0.31171875 0.80078125 0.22265625 0.3390625
0 0.26015625 0.59375 0.140625 0.14375
1 0.60625 0.43125 0.07734375 0.14453125
1 0.4859375 0.35859375 0.0734375 0.128125
0 0.42265625 0.38828125 0.053125 0.0515625
0 0.4078125 0.35859375 0.05625 0.04921875
0 0.38671875 0.3359375 0.0453125 0.03203125
0 0.36640625 0.3140625 0.03984375 0.0234375
0 0.346875 0.3 0.03515625 0.021875