1 0.86796875 0.89921875 0.10078125 0.17890625
1 0.36328125 0.86875 0.11953125 0.2015625
1 0.78046875 0.79140625 0.07421875 0.12421875
1 0.60859375 0.59296875 0.06484375 0.08984375
1 0.5625 0.55546875 0.06640625 0.08046875
1 0.30234375 0.703125 0.1 0.13125
1 0.33203125 0.7734375 0.1125 0.165625
1 0.65078125 0.6484375 0.07578125 0.109375
1 0.42890625 0.390625 0.05390625 0.053125
1 0.40546875 0.36484375 0.05390625 0.06328125
1 0.525 0.50625 0.0734375 0.08828125
1 0.7125 0.71796875 0.08203125 0.13671875
1 0.37109375 0.32578125 0.05546875 0.05625
1 0.96875 0.96796875 0.0609375 0.06328125
1 0.49453125 0.47109375 0.046875 0.06015625
1 0.27578125 0.64921875 0.0859375 0.109375
0 0.478125 0.45078125 0.04296875 0.05546875
0 0.45703125 0.42890625 0.04296875 0.0578125
0 0.371875 0.35625 0.02890625 0.06328125
0 0.3484375 0.30703125 0.01953125 0.0265625
0 0.340625 0.29609375 0.01953125 0.02734375
0 0.328125 0.2828125 0.0171875 0.028125
0 0.31484375 0.2703125 0.01875 0.02734375
1 0.27421875 0.56484375 0.078125 0.08515625