1 0.86796875 0.9 0.1 0.1796875
1 0.7125 0.71640625 0.08203125 0.13671875
1 0.36328125 0.86953125 0.11953125 0.20390625
1 0.78046875 0.7921875 0.07421875 0.1234375
1 0.6078125 0.59375 0.06484375 0.090625
1 0.5625 0.55546875 0.065625 0.08046875
1 0.30234375 0.703125 0.09921875 0.13125
1 0.33203125 0.7734375 0.1125 0.165625
1 0.40546875 0.3640625 0.05390625 0.06171875
1 0.42890625 0.390625 0.0546875 0.053125
1 0.525 0.50625 0.07265625 0.08671875
1 0.37109375 0.32578125 0.05625 0.05703125
1 0.2765625 0.64609375 0.08515625 0.10625
1 0.96875 0.96796875 0.06171875 0.06171875
1 0.49453125 0.47109375 0.04609375 0.0609375
1 0.25390625 0.58671875 0.09609375 0.10625
0 0.66015625 0.66953125 0.09609375 0.14296875
0 0.471875 0.45546875 0.040625 0.05078125
0 0.453125 0.421875 0.04375 0.0515625
0 0.3734375 0.359375 0.03828125 0.04453125
0 0.35 0.3078125 0.021875 0.02734375
0 0.3390625 0.29453125 0.01875 0.0265625
0 0.32890625 0.28203125 0.01953125 0.02890625
0 0.31171875 0.26875 0.0234375 0.03359375