1 0.7703125 0.79296875 0.0765625 0.1265625
1 0.6078125 0.590625 0.0640625 0.08828125
1 0.8640625 0.91796875 0.08203125 0.134375
1 0.5265625 0.50625 0.06640625 0.0859375
1 0.41953125 0.39140625 0.0515625 0.05703125
1 0.46875 0.44453125 0.05546875 0.0640625
1 0.3046875 0.690625 0.10078125 0.1265625
0 0.3140625 0.59375 0.0828125 0.0953125
1 0.28125 0.565625 0.08984375 0.10546875
1 0.34921875 0.30078125 0.04453125 0.0390625
1 0.35390625 0.8859375 0.10859375 0.1765625
0 0.71171875 0.73203125 0.0828125 0.1390625
0 0.5640625 0.56171875 0.05625 0.08671875
1 0.9625 0.95859375 0.07421875 0.08046875
1 0.64921875 0.64921875 0.08984375 0.09453125
1 0.33515625 0.72890625 0.13359375 0.14921875
1 0.49375 0.478125 0.04140625 0.0625
0 0.43359375 0.4328125 0.03515625 0.06875
0 0.39296875 0.3609375 0.0328125 0.03359375
0 0.3796875 0.3421875 0.02734375 0.03828125
0 0.36640625 0.31953125 0.0265625 0.03828125
0 0.38515625 0.4 0.02734375 0.05
1 0.32890625 0.284375 0.0375 0.040625
1 0.32421875 0.26484375 0.0296875 0.0375
0 0.29921875 0.278125 0.02890625 0.03046875