1 0.46328125 0.44609375 0.05859375 0.05546875
1 0.6078125 0.5984375 0.06015625 0.0796875
1 0.5296875 0.50390625 0.06484375 0.0734375
1 0.37421875 0.86328125 0.1109375 0.1859375
1 0.29609375 0.7015625 0.09375 0.134375
1 0.4203125 0.38984375 0.05390625 0.05
1 0.31171875 0.27578125 0.02578125 0.0375
1 0.3359375 0.2796875 0.03671875 0.040625
0 0.65390625 0.66953125 0.08046875 0.12109375
0 0.95078125 0.95859375 0.09453125 0.08046875
0 0.778125 0.8234375 0.10390625 0.1609375
0 0.5640625 0.56953125 0.0640625 0.1
1 0.29296875 0.625 0.084375 0.08359375
1 0.27421875 0.5609375 0.09453125 0.096875
0 0.3921875 0.36484375 0.03359375 0.0484375
0 0.49375 0.48359375 0.04921875 0.0734375
0 0.38125 0.34140625 0.03515625 0.0453125
0 0.3671875 0.32265625 0.02890625 0.04375
0 0.859375 0.915625 0.10859375 0.16875
0 0.7109375 0.7421875 0.08203125 0.1359375
1 0.3359375 0.7921875 0.12265625 0.1890625
1 0.43203125 0.4203125 0.0375 0.0546875
0 0.353125 0.30703125 0.0296875 0.03671875
1 0.309375 0.25390625 0.02734375 0.03359375