1 0.8625 0.8921875 0.10078125 0.175
1 0.78359375 0.80859375 0.07265625 0.12421875
1 0.96484375 0.95703125 0.06953125 0.08359375
1 0.28671875 0.634375 0.08515625 0.103125
1 0.60625 0.590625 0.07421875 0.1
1 0.71171875 0.72578125 0.0875 0.1390625
1 0.6546875 0.65 0.084375 0.128125
1 0.5625 0.54453125 0.08046875 0.1015625
1 0.475 0.44140625 0.05546875 0.0640625
1 0.53125 0.50234375 0.06328125 0.07890625
1 0.496875 0.48046875 0.05703125 0.06953125
1 0.45 0.41171875 0.053125 0.04765625
1 0.4234375 0.384375 0.06328125 0.05625
1 0.396875 0.36484375 0.059375 0.05625
1 0.3796875 0.33046875 0.04921875 0.0484375
1 0.35859375 0.3125 0.040625 0.0484375
0 0.41171875 0.834375 0.09375 0.153125
0 0.37109375 0.7546875 0.078125 0.11953125
0 0.3390625 0.68671875 0.07421875 0.0921875
0 0.28046875 0.53359375 0.05 0.06796875
0 0.30078125 0.56875 0.05703125 0.05703125