1 0.79375 0.57890625 0.1265625 0.19375
1 0.38671875 0.28046875 0.075 0.06875
1 0.5984375 0.42109375 0.13984375 0.16875
1 0.46171875 0.32890625 0.06875 0.08828125
1 0.32265625 0.23671875 0.071875 0.0609375
1 0.94375 0.71640625 0.1125 0.3140625
1 0.67421875 0.4734375 0.10625 0.2484375
1 0.5296875 0.378125 0.05546875 0.09375
1 0.4890625 0.34921875 0.0609375 0.11640625
1 0.41953125 0.30390625 0.04609375 0.0734375
1 0.3359375 0.2625 0.034375 0.0640625
1 0.29296875 0.22578125 0.02421875 0.04765625
1 0.27109375 0.21328125 0.0296875 0.0421875
0 0.29375 0.7921875 0.18046875 0.16796875
0 0.26640625 0.62890625 0.153125 0.17421875
0 0.23828125 0.49140625 0.11796875 0.1
0 0.21953125 0.415625 0.0875 0.08984375
1 0.20546875 0.321875 0.06484375 0.11015625