1 0.71640625 0.7171875 0.078125 0.11953125
1 0.44765625 0.41796875 0.05078125 0.05703125
1 0.60625 0.59296875 0.07421875 0.10625
1 0.53359375 0.51015625 0.05859375 0.07578125
1 0.40546875 0.365625 0.0546875 0.06328125
1 0.2546875 0.52890625 0.06796875 0.090625
0 0.9484375 0.9625 0.1 0.075
0 0.86015625 0.92109375 0.128125 0.1421875
0 0.7703125 0.84375 0.09765625 0.14765625
0 0.64296875 0.68515625 0.09140625 0.0953125
0 0.5484375 0.58515625 0.0578125 0.08828125
0 0.48125 0.503125 0.06953125 0.0515625
0 0.471875 0.459375 0.078125 0.04765625
0 0.40859375 0.4171875 0.0390625 0.06171875
0 0.36875 0.35078125 0.053125 0.03203125
0 0.35625 0.32734375 0.05390625 0.028125
0 0.34453125 0.31328125 0.04921875 0.0234375
0 0.3328125 0.3 0.046875 0.025
0 0.3234375 0.28359375 0.0484375 0.01953125
0 0.3109375 0.26953125 0.034375 0.01328125
0 0.378125 0.8421875 0.1234375 0.13125
0 0.3375 0.76640625 0.12578125 0.12109375
0 0.31796875 0.68671875 0.125 0.090625
0 0.3 0.621875 0.1078125 0.0734375
0 0.29453125 0.578125 0.1109375 0.06640625