1 0.76953125 0.79140625 0.07578125 0.12578125
1 0.5265625 0.50625 0.06640625 0.0859375
1 0.6078125 0.58984375 0.06328125 0.0890625
1 0.8640625 0.91796875 0.08203125 0.1359375
1 0.41953125 0.39140625 0.0515625 0.05703125
1 0.3234375 0.75859375 0.11953125 0.16171875
1 0.37109375 0.33125 0.04375 0.046875
0 0.65546875 0.66953125 0.08203125 0.12109375
1 0.46875 0.44453125 0.05546875 0.0640625
1 0.28359375 0.640625 0.084375 0.09921875
0 0.9515625 0.95703125 0.09296875 0.08359375
1 0.3265625 0.26796875 0.03359375 0.03828125
0 0.5625 0.56640625 0.05703125 0.09296875
0 0.28984375 0.56953125 0.0828125 0.065625
1 0.35859375 0.87578125 0.12421875 0.1734375
1 0.309375 0.665625 0.090625 0.0921875
0 0.709375 0.74140625 0.07890625 0.13828125
0 0.49140625 0.4765625 0.03125 0.05234375
0 0.43046875 0.4359375 0.04140625 0.06953125
0 0.384375 0.40078125 0.03515625 0.04375
0 0.3828125 0.36796875 0.05390625 0.04140625
0 0.3375 0.340625 0.02421875 0.03203125
1 0.3484375 0.29921875 0.04609375 0.03359375
0 0.31875 0.30546875 0.02890625 0.028125
1 0.30546875 0.25625 0.021875 0.03984375