1 0.36328125 0.86875 0.11953125 0.2046875
1 0.53359375 0.51015625 0.05859375 0.07578125
1 0.86953125 0.89296875 0.09765625 0.18046875
1 0.60859375 0.5921875 0.06484375 0.08828125
1 0.27734375 0.65 0.084375 0.1109375
1 0.63515625 0.67734375 0.07578125 0.1046875
1 0.40546875 0.36484375 0.053125 0.06328125
1 0.7125 0.7171875 0.08203125 0.1359375
1 0.78046875 0.79140625 0.07421875 0.12421875
1 0.42734375 0.39140625 0.05078125 0.05625
0 0.5703125 0.55234375 0.05625 0.08828125
0 0.5015625 0.484375 0.0515625 0.08125
0 0.47890625 0.46015625 0.053125 0.0859375
0 0.453125 0.43125 0.04609375 0.075
0 0.38203125 0.33828125 0.02421875 0.04140625
0 0.36796875 0.32421875 0.025 0.04140625
0 0.353125 0.30859375 0.02421875 0.03515625
0 0.340625 0.2953125 0.02109375 0.028125
0 0.3296875 0.28125 0.01796875 0.03046875
0 0.3140625 0.26953125 0.0171875 0.02734375
0 0.328125 0.8078125 0.0671875 0.0921875
0 0.3 0.7453125 0.06328125 0.0953125
0 0.265625 0.59296875 0.06015625 0.078125
1 0.2515625 0.52890625 0.07578125 0.07109375
1 0.24296875 0.48203125 0.06953125 0.0453125