1 0.365625 0.86328125 0.1171875 0.19921875
1 0.8578125 0.91171875 0.10234375 0.1734375
1 0.71640625 0.7171875 0.078125 0.11953125
1 0.60625 0.59296875 0.07421875 0.10703125
1 0.44765625 0.41796875 0.0515625 0.05703125
1 0.40546875 0.365625 0.0546875 0.0640625
1 0.53359375 0.51015625 0.05859375 0.07578125
1 0.25625 0.5265625 0.065625 0.08359375
0 0.78515625 0.80546875 0.09453125 0.15546875
0 0.6625 0.6375 0.08203125 0.121875
0 0.56953125 0.55 0.05703125 0.1015625
0 0.5046875 0.478125 0.04375 0.0734375
0 0.48046875 0.44375 0.04921875 0.08046875
0 0.43125 0.3796875 0.0375 0.053125
0 0.38203125 0.34140625 0.02890625 0.046875
0 0.36953125 0.32265625 0.02578125 0.0453125
0 0.35625 0.30703125 0.0265625 0.04140625
0 0.34296875 0.29453125 0.02421875 0.03671875
0 0.33046875 0.28125 0.0234375 0.0390625
0 0.3578125 0.75390625 0.09921875 0.109375
0 0.3328125 0.6984375 0.09296875 0.12421875
0 0.3125 0.6171875 0.08046875 0.11875
0 0.28515625 0.57265625 0.0765625 0.09609375
0 0.953125 0.94765625 0.09375 0.1046875
0 0.3140625 0.2671875 0.02265625 0.03359375