1 0.6859375 0.49765625 0.12109375 0.15078125
1 0.36171875 0.26015625 0.06953125 0.0609375
1 0.5578125 0.38671875 0.10234375 0.1109375
1 0.23984375 0.48828125 0.09765625 0.15625
0 0.3734375 0.34375 0.0578125 0.03515625
1 0.30234375 0.73359375 0.16484375 0.225
0 0.9375 0.78984375 0.125 0.27890625
0 0.79375 0.67109375 0.1828125 0.17890625
1 0.60546875 0.43984375 0.0875 0.134375
1 0.49140625 0.35390625 0.0890625 0.1078125
0 0.42109375 0.39375 0.0625 0.04296875
0 0.39453125 0.3609375 0.065625 0.0375
0 0.35859375 0.32578125 0.05546875 0.02578125
0 0.340625 0.3078125 0.0484375 0.02578125
0 0.309375 0.2859375 0.03359375 0.0125
0 0.30078125 0.2734375 0.03203125 0.0125
0 0.29921875 0.2625 0.03359375 0.01171875
0 0.29453125 0.2546875 0.040625 0.01015625