0 0.965625 0.9640625 0.0671875 0.071875
0 0.91015625 0.95703125 0.0640625 0.08515625
0 0.8453125 0.9578125 0.071875 0.084375
0 0.78671875 0.96171875 0.078125 0.07109375
0 0.7265625 0.95390625 0.06328125 0.0671875
0 0.671875 0.94609375 0.053125 0.0734375
0 0.6078125 0.94140625 0.05546875 0.071875
0 0.55078125 0.93984375 0.06015625 0.07734375
0 0.96015625 0.90390625 0.06484375 0.0515625
0 0.9046875 0.90625 0.06875 0.04921875
0 0.846875 0.8953125 0.06171875 0.04375
0 0.790625 0.89375 0.0625 0.04765625
0 0.73671875 0.89140625 0.0640625 0.05859375
1 0.67890625 0.846875 0.05078125 0.11875
0 0.6203125 0.8828125 0.05859375 0.06328125
0 0.56796875 0.87421875 0.05625 0.06484375
0 0.9359375 0.79453125 0.0578125 0.0421875
0 0.88671875 0.790625 0.06328125 0.04453125
0 0.83671875 0.78671875 0.0609375 0.0359375
0 0.7875 0.7828125 0.05625 0.0359375
0 0.73984375 0.77890625 0.05078125 0.04140625
0 0.690625 0.77109375 0.05234375 0.03046875
0 0.6421875 0.76953125 0.05234375 0.0328125
0 0.59921875 0.7671875 0.04453125 0.03984375
0 0.9296875 0.75390625 0.05625 0.03203125
0 0.884375 0.7515625 0.0546875 0.0390625
0 0.83515625 0.75078125 0.05859375 0.03359375
0 0.790625 0.7484375 0.05703125 0.04140625
0 0.74375 0.74140625 0.05234375 0.03359375
0 0.69765625 0.7390625 0.04921875 0.034375
0 0.65078125 0.7375 0.05 0.0375
0 0.6046875 0.72890625 0.0484375 0.03671875
0 0.959375 0.6859375 0.0484375 0.0359375
0 0.9171875 0.684375 0.0515625 0.03828125
0 0.875 0.68046875 0.05 0.03671875
0 0.83203125 0.67734375 0.04921875 0.03203125
0 0.79140625 0.67734375 0.05 0.03203125
0 0.75 0.67265625 0.0515625 0.0296875
0 0.7078125 0.66953125 0.0515625 0.025
0 0.6671875 0.67109375 0.04609375 0.03125
1 0.625 0.6421875 0.04140625 0.0640625