1 0.6078125 0.590625 0.06328125 0.08828125
1 0.7703125 0.79140625 0.0765625 0.12578125
1 0.5265625 0.50625 0.06640625 0.0859375
1 0.30546875 0.690625 0.10078125 0.13046875
1 0.41953125 0.39140625 0.0515625 0.05546875
1 0.8640625 0.91796875 0.0828125 0.134375
1 0.28203125 0.56953125 0.08984375 0.1046875
1 0.46875 0.44453125 0.05546875 0.06171875
1 0.3484375 0.29921875 0.04296875 0.03984375
1 0.35390625 0.8859375 0.10703125 0.1765625
0 0.7125 0.73203125 0.0828125 0.121875
0 0.5609375 0.56640625 0.06015625 0.09296875
1 0.95625 0.95859375 0.08203125 0.08046875
0 0.38671875 0.36796875 0.04765625 0.03984375
0 0.31328125 0.60859375 0.08125 0.06171875
0 0.4359375 0.43359375 0.03671875 0.04921875
1 0.65 0.65 0.07265625 0.09921875
1 0.34296875 0.734375 0.1375 0.109375
1 0.496875 0.4765625 0.046875 0.05078125
0 0.3734375 0.3421875 0.04140625 0.04140625
0 0.3640625 0.325 0.034375 0.0390625
1 0.33203125 0.28203125 0.03359375 0.03203125
0 0.3046875 0.2921875 0.02421875 0.03046875
0 0.3078125 0.27109375 0.034375 0.02734375