1 0.365625 0.86328125 0.11796875 0.19921875
1 0.71640625 0.7171875 0.078125 0.11953125
1 0.44765625 0.41796875 0.05078125 0.05703125
1 0.60625 0.59296875 0.07421875 0.10625
0 0.29140625 0.5703125 0.0875 0.11171875
1 0.25546875 0.5265625 0.0671875 0.0859375
1 0.40546875 0.365625 0.0546875 0.06328125
1 0.53359375 0.5109375 0.0578125 0.075
0 0.95234375 0.965625 0.09453125 0.06875
0 0.86328125 0.896875 0.1328125 0.18671875
0 0.784375 0.80625 0.125 0.2
0 0.65546875 0.659375 0.09921875 0.16015625
0 0.56875 0.55390625 0.07421875 0.1078125
0 0.5 0.48671875 0.0609375 0.08125
0 0.47265625 0.446875 0.05625 0.07890625
0 0.4234375 0.38203125 0.0453125 0.06328125
0 0.38515625 0.33984375 0.03671875 0.05078125
0 0.3671875 0.3234375 0.034375 0.04453125
0 0.3546875 0.30703125 0.028125 0.04609375
0 0.34140625 0.29453125 0.025 0.04140625
0 0.33046875 0.2796875 0.02578125 0.03671875
0 0.31484375 0.26640625 0.025 0.0390625
0 0.36328125 0.76953125 0.109375 0.140625
0 0.328125 0.70234375 0.1125 0.14765625
0 0.303125 0.64140625 0.09140625 0.1234375