1 0.6953125 0.64140625 0.12421875 0.13359375
0 0.821875 0.67265625 0.11171875 0.0640625
0 0.79296875 0.6328125 0.096875 0.04453125
0 0.5984375 0.66953125 0.06875 0.0609375
0 0.596875 0.6328125 0.09921875 0.059375
0 0.57421875 0.6015625 0.0859375 0.0421875
0 0.55078125 0.5796875 0.08203125 0.03984375
0 0.52265625 0.56015625 0.075 0.02265625
0 0.4953125 0.54375 0.078125 0.03125
0 0.6765625 0.590625 0.08515625 0.0421875
0 0.65 0.56953125 0.08828125 0.034375
0 0.61875 0.55 0.0828125 0.0390625
0 0.94453125 0.59296875 0.06484375 0.04609375
0 0.91875 0.56875 0.0765625 0.05
0 0.8734375 0.54765625 0.071875 0.03828125
0 0.84140625 0.534375 0.0515625 0.028125
0 0.8140625 0.51875 0.0390625 0.02265625
0 0.946875 0.5328125 0.05703125 0.03046875
0 0.91015625 0.51796875 0.0609375 0.02578125
0 0.87265625 0.50546875 0.06484375 0.0234375