1 0.365625 0.86484375 0.11796875 0.2
1 0.53359375 0.5109375 0.05859375 0.075
1 0.71640625 0.7171875 0.07890625 0.11953125
1 0.86328125 0.8953125 0.0984375 0.18125
1 0.60625 0.59296875 0.07421875 0.10625
1 0.44765625 0.41796875 0.05078125 0.05859375
1 0.25390625 0.5265625 0.0703125 0.09609375
1 0.40546875 0.365625 0.0546875 0.06328125
0 0.78671875 0.80390625 0.1046875 0.171875
0 0.9515625 0.921875 0.096875 0.15546875
0 0.659375 0.6609375 0.084375 0.13359375
0 0.56875 0.553125 0.07265625 0.10625
0 0.50625 0.4765625 0.05234375 0.07890625
0 0.48203125 0.43984375 0.0484375 0.0796875
0 0.42890625 0.38359375 0.040625 0.065625
0 0.3828125 0.33828125 0.02421875 0.0375
0 0.36796875 0.31875 0.021875 0.0359375
0 0.35703125 0.30390625 0.02265625 0.03828125
0 0.3453125 0.2921875 0.02265625 0.03671875
0 0.33046875 0.28046875 0.0234375 0.03515625
0 0.315625 0.26796875 0.02421875 0.03359375
0 0.34296875 0.775 0.084375 0.1203125
0 0.3171875 0.71875 0.078125 0.11015625
0 0.29609375 0.6515625 0.071875 0.115625
0 0.271875 0.575 0.07265625 0.125