1 0.71640625 0.71796875 0.078125 0.1203125
1 0.6 0.603125 0.0765625 0.1109375
1 0.40546875 0.365625 0.0546875 0.06328125
1 0.44765625 0.41796875 0.05078125 0.059375
1 0.25546875 0.52578125 0.06640625 0.08515625
0 0.5546875 0.57734375 0.07421875 0.0765625
1 0.53359375 0.5109375 0.0578125 0.075
0 0.953125 0.96484375 0.09375 0.0703125
0 0.859375 0.91875 0.11640625 0.1328125
0 0.7765625 0.82734375 0.1203125 0.13828125
0 0.64609375 0.675 0.1 0.13046875
0 0.4875 0.4953125 0.05625 0.0625
0 0.4640625 0.46015625 0.06015625 0.05
0 0.40859375 0.41640625 0.0453125 0.0625
0 0.37265625 0.3484375 0.04765625 0.034375
0 0.3578125 0.328125 0.0515625 0.02890625
0 0.34609375 0.31171875 0.04765625 0.02421875
0 0.33125 0.29609375 0.04375 0.021875
0 0.3203125 0.2796875 0.04375 0.02421875
0 0.4 0.8375 0.128125 0.1546875
0 0.365625 0.75 0.11796875 0.1140625
0 0.33359375 0.68671875 0.109375 0.09765625
0 0.31328125 0.62421875 0.1 0.07890625
0 0.29453125 0.56796875 0.0859375 0.0765625