1 0.79375 0.58046875 0.12578125 0.19453125
1 0.3875 0.27890625 0.07578125 0.06953125
1 0.59921875 0.42265625 0.13984375 0.16953125
1 0.46171875 0.32890625 0.06796875 0.0859375
1 0.946875 0.73203125 0.10625 0.315625
1 0.675 0.48828125 0.1015625 0.23203125
1 0.528125 0.38828125 0.04375 0.0984375
1 0.49375 0.3578125 0.0484375 0.075
1 0.42109375 0.309375 0.040625 0.0734375
1 0.3390625 0.2578125 0.034375 0.0421875
1 0.3109375 0.24296875 0.03359375 0.04609375
1 0.26953125 0.2140625 0.03203125 0.05
1 0.29453125 0.228125 0.021875 0.03828125
0 0.21484375 0.40703125 0.1 0.10390625
1 0.20390625 0.3296875 0.07421875 0.10390625
0 0.29765625 0.80078125 0.1859375 0.240625
0 0.26640625 0.62890625 0.15703125 0.19921875
0 0.23359375 0.4890625 0.103125 0.1234375