1 0.8625 0.89296875 0.09921875 0.17890625
1 0.71171875 0.7265625 0.0875 0.13828125
1 0.78359375 0.80859375 0.07265625 0.12578125
1 0.36171875 0.85703125 0.134375 0.20546875
1 0.96484375 0.95703125 0.06953125 0.08359375
1 0.60546875 0.590625 0.07421875 0.1015625
1 0.65390625 0.65078125 0.08359375 0.1265625
1 0.5625 0.54609375 0.0796875 0.1046875
1 0.475 0.44140625 0.05546875 0.0640625
1 0.4953125 0.4765625 0.05078125 0.0609375
1 0.53046875 0.49375 0.06015625 0.078125
1 0.45078125 0.41171875 0.04453125 0.05703125
1 0.42265625 0.3859375 0.05546875 0.05859375
1 0.3984375 0.3625 0.05859375 0.078125
1 0.375 0.33125 0.04296875 0.0484375
1 0.359375 0.3078125 0.0484375 0.04296875
1 0.3234375 0.7703125 0.1140625 0.14453125
1 0.315625 0.66796875 0.1140625 0.11171875
1 0.2953125 0.6015625 0.08359375 0.06640625
1 0.2765625 0.559375 0.09140625 0.0703125
1 0.259375 0.5125 0.0625 0.0421875