1 0.79296875 0.58046875 0.12578125 0.19453125
1 0.3875 0.28046875 0.07578125 0.06875
1 0.5984375 0.42265625 0.1390625 0.16953125
1 0.46171875 0.33125 0.06875 0.08203125
1 0.32265625 0.23671875 0.07265625 0.0609375
1 0.946875 0.7421875 0.10625 0.328125
1 0.68046875 0.4828125 0.10625 0.221875
1 0.5296875 0.3859375 0.06484375 0.10546875
1 0.48359375 0.35234375 0.05 0.10859375
1 0.41875 0.3109375 0.0390625 0.0890625
1 0.33671875 0.26640625 0.0359375 0.075
1 0.2921875 0.2296875 0.0234375 0.06015625
1 0.26875 0.21328125 0.02421875 0.0640625
1 0.203125 0.32890625 0.07578125 0.10703125
0 0.3046875 0.80390625 0.17109375 0.3
0 0.2609375 0.625 0.15546875 0.21953125
0 0.240625 0.49375 0.11796875 0.13203125
0 0.21796875 0.40625 0.09296875 0.09375