1 0.8609375 0.89296875 0.1046875 0.17890625
1 0.78359375 0.80859375 0.07265625 0.1265625
1 0.96484375 0.95703125 0.06953125 0.084375
1 0.7125 0.72578125 0.08671875 0.1390625
1 0.6546875 0.65 0.084375 0.12578125
1 0.60625 0.59140625 0.07421875 0.1015625
1 0.475 0.4421875 0.05546875 0.0640625
1 0.28984375 0.63359375 0.08125 0.10078125
1 0.446875 0.41484375 0.05078125 0.0546875
1 0.49609375 0.478125 0.05703125 0.06484375
1 0.27890625 0.55703125 0.09375 0.084375
1 0.56484375 0.54921875 0.08984375 0.11328125
1 0.53203125 0.49609375 0.0625 0.07890625
1 0.41171875 0.39140625 0.046875 0.06484375
1 0.3921875 0.36484375 0.05703125 0.065625
1 0.37421875 0.32890625 0.03828125 0.04296875
1 0.353125 0.3109375 0.0296875 0.0484375
0 0.39921875 0.85078125 0.1328125 0.14921875
0 0.36953125 0.7796875 0.103125 0.1171875
0 0.3265625 0.69296875 0.0921875 0.10390625