1 0.76953125 0.79140625 0.0765625 0.12578125
1 0.6078125 0.590625 0.06328125 0.08828125
1 0.5265625 0.50546875 0.06640625 0.08515625
1 0.8640625 0.91875 0.08203125 0.13515625
1 0.3234375 0.76015625 0.11953125 0.1609375
1 0.2828125 0.6421875 0.08515625 0.0953125
1 0.41953125 0.39140625 0.05234375 0.05703125
1 0.37109375 0.33046875 0.04375 0.04609375
1 0.46875 0.44453125 0.05546875 0.06171875
0 0.5625 0.56484375 0.05703125 0.0890625
0 0.71171875 0.73203125 0.08359375 0.13359375
1 0.33125 0.28203125 0.0375 0.0390625
1 0.96328125 0.96015625 0.0703125 0.078125
1 0.65078125 0.6515625 0.07265625 0.1140625
1 0.49296875 0.47734375 0.03828125 0.06328125
0 0.440625 0.41796875 0.05 0.053125
1 0.3953125 0.36796875 0.0359375 0.04296875
0 0.37421875 0.36171875 0.03828125 0.04453125
0 0.340625 0.3359375 0.021875 0.03125
1 0.34765625 0.3 0.04296875 0.0390625
1 0.32265625 0.2609375 0.02734375 0.03671875
0 0.29921875 0.2734375 0.02890625 0.03359375
1 0.35234375 0.8734375 0.1265625 0.1640625
1 0.3078125 0.66328125 0.096875 0.0875
1 0.265625 0.565625 0.10234375 0.0859375