1 0.7703125 0.79140625 0.0765625 0.12578125
1 0.5265625 0.50625 0.06640625 0.08203125
1 0.8640625 0.91796875 0.0828125 0.1359375
0 0.43359375 0.43515625 0.04609375 0.07109375
1 0.41953125 0.39140625 0.0515625 0.05703125
1 0.60703125 0.590625 0.06328125 0.08828125
0 0.65625 0.66796875 0.08203125 0.125
1 0.37109375 0.33046875 0.04296875 0.0484375
1 0.3234375 0.76015625 0.11953125 0.1609375
1 0.46875 0.44453125 0.05625 0.0640625
1 0.28359375 0.64140625 0.084375 0.0984375
1 0.32578125 0.26796875 0.03515625 0.03828125
1 0.2578125 0.528125 0.06953125 0.078125
0 0.5625 0.56328125 0.0578125 0.09140625
1 0.31640625 0.646875 0.0953125 0.08671875
0 0.2921875 0.56953125 0.078125 0.0734375
1 0.9625 0.959375 0.07421875 0.07890625
0 0.39296875 0.35625 0.03359375 0.05078125
0 0.70703125 0.74140625 0.07421875 0.11640625
1 0.36484375 0.8515625 0.13046875 0.12421875
1 0.49921875 0.478125 0.0453125 0.08359375
0 0.38515625 0.4015625 0.02890625 0.0375
0 0.34296875 0.33515625 0.02265625 0.0328125
1 0.35 0.29765625 0.0421875 0.04375
0 0.3203125 0.2984375 0.02890625 0.034375
0 0.3 0.27109375 0.03046875 0.028125