0 0.9703125 0.9640625 0.059375 0.05625
0 0.91015625 0.9703125 0.071875 0.05546875
0 0.85 0.96171875 0.07109375 0.04921875
0 0.79140625 0.96171875 0.07421875 0.05703125
0 0.72734375 0.96015625 0.0625 0.07265625
0 0.6703125 0.959375 0.053125 0.07734375
0 0.61640625 0.94609375 0.06171875 0.08515625
0 0.55625 0.93984375 0.0515625 0.07890625
0 0.965625 0.90625 0.06875 0.06796875
0 0.9046875 0.90703125 0.07421875 0.05859375
0 0.846875 0.89765625 0.0671875 0.05859375
0 0.79140625 0.90078125 0.071875 0.05703125
0 0.7390625 0.8875 0.065625 0.05234375
0 0.62265625 0.875 0.05625 0.06171875
0 0.56484375 0.87734375 0.05703125 0.04765625
1 0.68125 0.8609375 0.0625 0.103125
0 0.93984375 0.796875 0.06015625 0.03828125
1 0.890625 0.76015625 0.05390625 0.0984375
0 0.8390625 0.7890625 0.0546875 0.0453125
0 0.7890625 0.79296875 0.06015625 0.05703125
0 0.74140625 0.78671875 0.06796875 0.05546875
0 0.6921875 0.77890625 0.05078125 0.0390625
0 0.64375 0.7796875 0.05625 0.0453125
0 0.5984375 0.77421875 0.04375 0.04765625
0 0.9359375 0.746875 0.046875 0.05390625
0 0.8359375 0.7453125 0.053125 0.028125
0 0.7890625 0.7484375 0.05 0.03359375
0 0.7453125 0.75 0.06171875 0.03671875
0 0.69609375 0.7421875 0.059375 0.05078125
0 0.6484375 0.73671875 0.059375 0.0359375
0 0.6046875 0.728125 0.04375 0.04140625
0 0.95625 0.6890625 0.0484375 0.0375
0 0.91484375 0.678125 0.05 0.03125
0 0.83359375 0.6828125 0.0421875 0.046875
0 0.8734375 0.684375 0.04609375 0.04609375
0 0.78828125 0.67578125 0.0515625 0.040625
0 0.7484375 0.671875 0.046875 0.03671875
0 0.7078125 0.67265625 0.046875 0.03828125
1 0.6234375 0.64453125 0.0421875 0.06640625
0 0.665625 0.66875 0.04375 0.0296875