1 0.86640625 0.88671875 0.08125 0.14453125
1 0.78046875 0.79140625 0.07421875 0.12421875
1 0.36328125 0.86953125 0.11953125 0.2015625
1 0.7125 0.71796875 0.08203125 0.13671875
1 0.60859375 0.59296875 0.06484375 0.08984375
1 0.5625 0.55546875 0.065625 0.08125
1 0.65078125 0.64921875 0.07578125 0.1109375
1 0.525 0.50625 0.07265625 0.08828125
1 0.40546875 0.365625 0.0546875 0.06328125
1 0.3015625 0.703125 0.0984375 0.13203125
1 0.4671875 0.434375 0.05859375 0.07578125
1 0.2625 0.5765625 0.10703125 0.11171875
1 0.96875 0.96796875 0.06171875 0.06171875
1 0.275 0.65078125 0.08671875 0.11328125
1 0.49765625 0.47109375 0.05234375 0.0609375
1 0.23515625 0.490625 0.07109375 0.06015625
1 0.33203125 0.775 0.11328125 0.16328125
0 0.4296875 0.39609375 0.04609375 0.06796875
0 0.38359375 0.3453125 0.03046875 0.0484375
0 0.3671875 0.32578125 0.0328125 0.04921875
0 0.35390625 0.3078125 0.03125 0.04609375
0 0.34140625 0.29296875 0.02734375 0.04453125
0 0.328125 0.28125 0.0265625 0.03515625
0 0.31328125 0.2703125 0.02421875 0.0375
1 0.26171875 0.50859375 0.06171875 0.05390625