1 0.76953125 0.79140625 0.07734375 0.12578125
1 0.6078125 0.590625 0.0640625 0.0859375
1 0.5265625 0.50546875 0.06640625 0.08515625
1 0.8640625 0.91875 0.08125 0.13359375
1 0.3046875 0.69140625 0.10078125 0.128125
1 0.46796875 0.44453125 0.05703125 0.06171875
1 0.34921875 0.29921875 0.04453125 0.03984375
1 0.4015625 0.3640625 0.0578125 0.0609375
1 0.353125 0.8859375 0.10859375 0.1765625
0 0.56328125 0.56328125 0.05859375 0.09375
0 0.71171875 0.73671875 0.08515625 0.1296875
1 0.96015625 0.95703125 0.07734375 0.084375
1 0.2796875 0.55703125 0.08046875 0.07578125
0 0.3796875 0.340625 0.02890625 0.03828125
0 0.3078125 0.26875 0.025 0.03125
1 0.64921875 0.6484375 0.06875 0.10390625
1 0.340625 0.74921875 0.11171875 0.15234375
1 0.2859375 0.6125 0.08984375 0.096875
1 0.49921875 0.475 0.0578125 0.059375
1 0.446875 0.4125 0.05 0.0640625
1 0.41875 0.3921875 0.0484375 0.06171875
0 0.36484375 0.325 0.0296875 0.03359375
1 0.3296875 0.2828125 0.0328125 0.03515625
0 0.30625 0.28984375 0.021875 0.03125