1 0.70625 0.71328125 0.07578125 0.12890625
1 0.6078125 0.590625 0.0640625 0.08828125
1 0.76953125 0.79140625 0.07734375 0.12578125
1 0.5265625 0.50625 0.06640625 0.0859375
1 0.8640625 0.91796875 0.08125 0.1359375
1 0.30546875 0.69140625 0.1 0.13125
1 0.41953125 0.39140625 0.0515625 0.05703125
1 0.46875 0.44453125 0.05546875 0.0640625
1 0.28203125 0.56953125 0.08984375 0.1046875
1 0.34921875 0.29921875 0.04453125 0.03984375
1 0.4109375 0.61171875 0.06328125 0.1203125
1 0.35390625 0.8859375 0.1078125 0.1765625
0 0.559375 0.56640625 0.0640625 0.09609375
0 0.36484375 0.74609375 0.09765625 0.11328125
1 0.96171875 0.959375 0.07421875 0.07890625
0 0.3953125 0.3609375 0.03203125 0.04375
1 0.31796875 0.26953125 0.01953125 0.0265625
1 0.64765625 0.64609375 0.06796875 0.08984375
0 0.31171875 0.60546875 0.071875 0.09921875
1 0.48984375 0.47890625 0.0296875 0.06953125
0 0.434375 0.43359375 0.03046875 0.05703125
0 0.38046875 0.34296875 0.025 0.034375
0 0.3671875 0.32421875 0.0203125 0.0328125
1 0.32890625 0.2828125 0.0296875 0.034375
0 0.30078125 0.2765625 0.02421875 0.02734375