1 0.79375 0.58046875 0.1265625 0.19453125
1 0.38671875 0.28046875 0.07578125 0.06875
1 0.59921875 0.4234375 0.14140625 0.16875
1 0.46171875 0.33125 0.06796875 0.08203125
1 0.94765625 0.74765625 0.10390625 0.290625
1 0.67265625 0.48046875 0.10625 0.228125
1 0.52890625 0.38125 0.05390625 0.1171875
1 0.48515625 0.3484375 0.0515625 0.11875
1 0.415625 0.31015625 0.03359375 0.09765625
0 0.315625 0.8546875 0.2234375 0.290625
0 0.2609375 0.62421875 0.15234375 0.18203125
0 0.23359375 0.48515625 0.10703125 0.09609375
0 0.22421875 0.4171875 0.1015625 0.06796875
1 0.20546875 0.328125 0.06484375 0.1125