1 0.86328125 0.89140625 0.1 0.17578125
1 0.78359375 0.80703125 0.07265625 0.12109375
1 0.71171875 0.72578125 0.0875 0.1390625
1 0.96484375 0.95703125 0.06953125 0.08359375
1 0.28828125 0.634375 0.08203125 0.1
1 0.60625 0.59140625 0.07421875 0.10078125
1 0.6546875 0.64921875 0.08515625 0.1265625
1 0.475 0.44140625 0.05546875 0.06328125
1 0.4953125 0.478125 0.05546875 0.06484375
1 0.5625 0.5484375 0.07734375 0.09453125
1 0.52890625 0.4984375 0.05625 0.07421875
1 0.44765625 0.4140625 0.04375 0.05390625
1 0.421875 0.3859375 0.0578125 0.06328125
1 0.39296875 0.36015625 0.053125 0.07109375
1 0.37734375 0.32890625 0.046875 0.04921875
1 0.35703125 0.3125 0.0453125 0.046875
0 0.40078125 0.8359375 0.1140625 0.1328125
0 0.3703125 0.7546875 0.08984375 0.11484375
0 0.340625 0.68515625 0.08515625 0.10078125
0 0.27734375 0.53125 0.0609375 0.07421875
0 0.3015625 0.5703125 0.05859375 0.071875