1 0.8625 0.89296875 0.10078125 0.178125
1 0.78359375 0.809375 0.07265625 0.12578125
1 0.96484375 0.95703125 0.06953125 0.08359375
1 0.7125 0.72578125 0.08671875 0.1390625
1 0.60546875 0.590625 0.07421875 0.09921875
1 0.6546875 0.64921875 0.08359375 0.1265625
1 0.475 0.44140625 0.05546875 0.06484375
1 0.2890625 0.63359375 0.08203125 0.09921875
1 0.49609375 0.47734375 0.05546875 0.0640625
1 0.5328125 0.5015625 0.06171875 0.0765625
1 0.5578125 0.54296875 0.06796875 0.1171875
1 0.44375 0.42109375 0.0453125 0.0578125
1 0.41640625 0.39375 0.04765625 0.06796875
1 0.38828125 0.36640625 0.053125 0.0640625
1 0.37421875 0.33046875 0.04453125 0.0484375
1 0.353125 0.31484375 0.03671875 0.0453125
0 0.4015625 0.84375 0.11171875 0.17421875
0 0.371875 0.75234375 0.10078125 0.14765625
0 0.33125 0.68671875 0.0859375 0.121875
1 0.28125 0.553125 0.084375 0.07734375