1 0.8625 0.89140625 0.1 0.17578125
1 0.78359375 0.8078125 0.07265625 0.125
1 0.7125 0.72578125 0.08671875 0.1390625
1 0.96484375 0.95703125 0.06953125 0.084375
1 0.32265625 0.53359375 0.06953125 0.1015625
1 0.60625 0.59140625 0.0734375 0.10078125
1 0.6546875 0.64921875 0.08515625 0.128125
1 0.5625 0.54375 0.0796875 0.09921875
1 0.475 0.440625 0.0546875 0.06328125
1 0.28828125 0.6328125 0.08125 0.10078125
1 0.4484375 0.4109375 0.05078125 0.05546875
1 0.49609375 0.4765625 0.05625 0.06328125
1 0.5328125 0.5015625 0.06328125 0.078125
0 0.40390625 0.84609375 0.09375 0.15
0 0.3640625 0.7703125 0.0984375 0.1328125
0 0.3265625 0.70078125 0.08046875 0.1109375
1 0.41796875 0.3828125 0.04765625 0.06953125
1 0.3921875 0.3640625 0.05390625 0.06796875
1 0.378125 0.32734375 0.04609375 0.05546875
1 0.35546875 0.31171875 0.03828125 0.059375