1 0.6078125 0.5890625 0.0640625 0.08671875
1 0.76953125 0.79140625 0.07578125 0.12578125
1 0.5265625 0.50625 0.06640625 0.0859375
1 0.8640625 0.91796875 0.0828125 0.134375
1 0.3046875 0.69140625 0.10078125 0.128125
1 0.353125 0.8859375 0.10859375 0.1765625
1 0.3484375 0.29921875 0.04453125 0.03984375
1 0.4015625 0.3640625 0.0578125 0.0609375
1 0.46796875 0.44609375 0.05703125 0.0609375
1 0.28359375 0.55703125 0.0875 0.078125
0 0.71171875 0.7359375 0.08359375 0.134375
0 0.5640625 0.56171875 0.05703125 0.090625
1 0.96015625 0.95859375 0.07734375 0.08046875
0 0.3796875 0.34140625 0.02890625 0.0390625
1 0.6546875 0.64609375 0.07734375 0.12890625
1 0.49375 0.475 0.0421875 0.0640625
1 0.44765625 0.41640625 0.05546875 0.06484375
1 0.41875 0.396875 0.046875 0.0703125
1 0.33515625 0.2828125 0.0390625 0.0328125
1 0.3390625 0.75390625 0.12890625 0.153125
1 0.28984375 0.609375 0.090625 0.075
0 0.36484375 0.321875 0.0296875 0.0328125
0 0.30625 0.29296875 0.0234375 0.02734375
0 0.30625 0.26953125 0.034375 0.02578125