1 0.76953125 0.79140625 0.07578125 0.12578125
1 0.6078125 0.590625 0.06328125 0.08828125
1 0.5265625 0.50625 0.06640625 0.0859375
1 0.8640625 0.91796875 0.08203125 0.134375
1 0.30546875 0.690625 0.1 0.13046875
1 0.41953125 0.39140625 0.0515625 0.05703125
1 0.46875 0.44453125 0.05625 0.06171875
1 0.3484375 0.29921875 0.04296875 0.03984375
1 0.2828125 0.56953125 0.08984375 0.1046875
1 0.353125 0.8859375 0.10859375 0.1765625
0 0.434375 0.43515625 0.03984375 0.05546875
0 0.71171875 0.73515625 0.0828125 0.1296875
0 0.5609375 0.56640625 0.06171875 0.09453125
0 0.3046875 0.2734375 0.0359375 0.0265625
1 0.9609375 0.95703125 0.075 0.084375
0 0.31171875 0.60859375 0.08125 0.06171875
1 0.3390625 0.74140625 0.11953125 0.1296875
1 0.64765625 0.65 0.071875 0.096875
1 0.49140625 0.47734375 0.03828125 0.0640625
0 0.38515625 0.396875 0.0328125 0.04765625
0 0.37421875 0.3734375 0.0359375 0.0421875
0 0.3609375 0.35625 0.0296875 0.0359375
0 0.34375 0.3390625 0.0265625 0.034375
1 0.33125 0.27734375 0.034375 0.040625
0 0.303125 0.29140625 0.02890625 0.02734375