1 0.76953125 0.79140625 0.07734375 0.12578125
1 0.60703125 0.590625 0.06328125 0.0859375
1 0.70390625 0.7234375 0.07578125 0.109375
1 0.86484375 0.91796875 0.08359375 0.1359375
1 0.5265625 0.50390625 0.0671875 0.08203125
1 0.3234375 0.76015625 0.11953125 0.1609375
1 0.41953125 0.39140625 0.05234375 0.05703125
1 0.37109375 0.33046875 0.04296875 0.0484375
1 0.46875 0.44453125 0.05546875 0.0640625
1 0.28515625 0.640625 0.08359375 0.096875
1 0.32578125 0.26796875 0.03359375 0.0359375
1 0.25703125 0.528125 0.06953125 0.078125
1 0.309375 0.65859375 0.0984375 0.0859375
0 0.29140625 0.571875 0.075 0.075
1 0.96171875 0.95859375 0.075 0.08046875
0 0.4375 0.43125 0.03671875 0.053125
1 0.646875 0.64296875 0.0671875 0.0734375
1 0.55234375 0.55 0.05703125 0.08203125
1 0.4953125 0.47421875 0.0578125 0.05390625
1 0.39453125 0.371875 0.03359375 0.040625
1 0.3546875 0.875 0.10546875 0.1875
0 0.36875 0.37265625 0.03515625 0.046875
0 0.34375 0.33359375 0.025 0.03515625
1 0.3453125 0.3 0.0390625 0.03828125
0 0.31796875 0.30546875 0.0234375 0.0296875
0 0.3 0.275 0.021875 0.02421875