1 0.36328125 0.86796875 0.11953125 0.203125
1 0.534375 0.5109375 0.0578125 0.075
1 0.86953125 0.89296875 0.09765625 0.18046875
1 0.7125 0.71796875 0.08203125 0.13671875
1 0.60859375 0.59375 0.06484375 0.090625
1 0.27578125 0.64921875 0.08671875 0.11171875
1 0.78125 0.7921875 0.07421875 0.1234375
1 0.40546875 0.36484375 0.05390625 0.0609375
1 0.42734375 0.39140625 0.05078125 0.05625
1 0.97421875 0.96875 0.05078125 0.0609375
0 0.6578125 0.66328125 0.0796875 0.11953125
0 0.56640625 0.55078125 0.059375 0.09375
0 0.5015625 0.4890625 0.04765625 0.06484375
0 0.46875 0.46015625 0.05 0.06484375
0 0.44453125 0.421875 0.04140625 0.0609375
0 0.37734375 0.34765625 0.0328125 0.04609375
0 0.36015625 0.32734375 0.03828125 0.04140625
0 0.3484375 0.3125 0.03125 0.03515625
0 0.33515625 0.29375 0.02734375 0.0296875
0 0.325 0.28203125 0.025 0.0265625
0 0.309375 0.2703125 0.0234375 0.02265625
0 0.33671875 0.6875 0.09453125 0.11328125
0 0.2890625 0.57109375 0.0671875 0.09765625
0 0.3625 0.7421875 0.0828125 0.0921875