1 0.76953125 0.79140625 0.07578125 0.12578125
1 0.6078125 0.5890625 0.0640625 0.08671875
1 0.5265625 0.50625 0.06640625 0.0859375
1 0.8640625 0.91796875 0.08203125 0.134375
1 0.41953125 0.39140625 0.0515625 0.05703125
1 0.30546875 0.690625 0.1 0.13046875
1 0.46875 0.44453125 0.05625 0.06171875
1 0.34921875 0.29921875 0.04453125 0.03984375
0 0.30390625 0.6140625 0.1015625 0.06796875
1 0.28203125 0.57109375 0.08984375 0.10546875
1 0.353125 0.8859375 0.1078125 0.1765625
0 0.71171875 0.72890625 0.0828125 0.1265625
0 0.5640625 0.56171875 0.05703125 0.090625
0 0.39453125 0.36171875 0.03515625 0.04453125
1 0.96015625 0.95859375 0.0765625 0.08125
1 0.65 0.64140625 0.0703125 0.12734375
1 0.33515625 0.75859375 0.13984375 0.1765625
1 0.4953125 0.4734375 0.0390625 0.0703125
0 0.4359375 0.4296875 0.04296875 0.05390625
0 0.3796875 0.34375 0.03515625 0.03515625
0 0.36328125 0.3265625 0.03203125 0.0296875
1 0.3328125 0.2859375 0.03828125 0.03671875
0 0.30703125 0.29140625 0.0203125 0.02734375
0 0.3078125 0.2703125 0.03203125 0.0265625