1 0.71640625 0.7171875 0.078125 0.11953125
1 0.446875 0.41796875 0.05078125 0.05703125
1 0.40546875 0.365625 0.0546875 0.06328125
1 0.28046875 0.6140625 0.06171875 0.1109375
1 0.53359375 0.5109375 0.05703125 0.075
0 0.95625 0.965625 0.0875 0.06875
0 0.871875 0.90625 0.125 0.1671875
0 0.78515625 0.796875 0.10625 0.1671875
0 0.6640625 0.65390625 0.07578125 0.1125
0 0.625 0.60703125 0.065625 0.090625
0 0.57890625 0.55703125 0.0609375 0.08515625
0 0.50390625 0.475 0.04921875 0.06328125
0 0.47890625 0.44765625 0.03984375 0.05625
0 0.42890625 0.378125 0.0359375 0.0484375
0 0.3796875 0.33828125 0.02890625 0.03828125
0 0.3671875 0.32265625 0.0265625 0.0328125
0 0.35390625 0.30859375 0.0234375 0.0296875
0 0.3421875 0.29296875 0.02578125 0.03203125
0 0.33203125 0.27890625 0.025 0.0265625
0 0.31328125 0.2671875 0.025 0.03046875
0 0.38515625 0.86875 0.1109375 0.13828125
0 0.36953125 0.7671875 0.09921875 0.13125
0 0.33203125 0.69140625 0.0984375 0.11953125
1 0.25703125 0.515625 0.06484375 0.06171875