1 0.86171875 0.890625 0.10234375 0.17109375
1 0.96484375 0.95703125 0.06953125 0.084375
1 0.7828125 0.8078125 0.0734375 0.125
1 0.36171875 0.8578125 0.134375 0.20625
1 0.71171875 0.7265625 0.0875 0.13828125
1 0.60625 0.59140625 0.07421875 0.1015625
1 0.5625 0.54453125 0.08046875 0.1015625
1 0.65234375 0.64921875 0.08125 0.1265625
1 0.47578125 0.440625 0.05625 0.06328125
1 0.33046875 0.75859375 0.13203125 0.15390625
1 0.528125 0.5046875 0.06171875 0.071875
1 0.49296875 0.478125 0.05234375 0.06875
1 0.446875 0.4140625 0.04921875 0.05859375
1 0.421875 0.3859375 0.0640625 0.0609375
1 0.39609375 0.3640625 0.0640625 0.06953125
1 0.378125 0.32734375 0.0453125 0.05234375
1 0.35859375 0.30859375 0.04296875 0.03984375
1 0.309375 0.6640625 0.121875 0.11796875
1 0.296875 0.60390625 0.075 0.0578125
1 0.284375 0.55234375 0.07734375 0.0609375
1 0.26328125 0.5125 0.05859375 0.053125