1 0.7703125 0.79140625 0.0765625 0.12578125
1 0.6078125 0.590625 0.0640625 0.08828125
1 0.5265625 0.50625 0.06640625 0.0859375
1 0.8640625 0.91796875 0.08203125 0.1359375
1 0.41953125 0.39140625 0.0515625 0.05703125
1 0.46875 0.44453125 0.05546875 0.06171875
1 0.3390625 0.746875 0.115625 0.14140625
1 0.30546875 0.69296875 0.1 0.13828125
1 0.28203125 0.56953125 0.08984375 0.1046875
1 0.34921875 0.29921875 0.04453125 0.03984375
1 0.353125 0.8859375 0.1078125 0.1765625
0 0.71171875 0.73671875 0.08203125 0.140625
0 0.56328125 0.56328125 0.05859375 0.09140625
1 0.9578125 0.95859375 0.0796875 0.08046875
0 0.3953125 0.3609375 0.0328125 0.0453125
0 0.31015625 0.6109375 0.07109375 0.065625
1 0.65 0.65234375 0.06875 0.1046875
1 0.49140625 0.48046875 0.03515625 0.0578125
0 0.4296875 0.4375 0.0421875 0.06171875
0 0.378125 0.34296875 0.02890625 0.03828125
0 0.36484375 0.32265625 0.02734375 0.03515625
1 0.3296875 0.28515625 0.03203125 0.0421875
0 0.30390625 0.290625 0.02109375 0.03046875
0 0.30390625 0.27421875 0.034375 0.02265625