1 0.6078125 0.5890625 0.0640625 0.08671875
1 0.7703125 0.79140625 0.0765625 0.12578125
1 0.5265625 0.50546875 0.06640625 0.08515625
1 0.8640625 0.91796875 0.08203125 0.134375
1 0.3046875 0.69140625 0.10078125 0.128125
1 0.3484375 0.29921875 0.04453125 0.03984375
1 0.46796875 0.44453125 0.05703125 0.06171875
1 0.4015625 0.36328125 0.0578125 0.06015625
1 0.353125 0.88671875 0.10859375 0.178125
0 0.56484375 0.56015625 0.05703125 0.0890625
1 0.29140625 0.61171875 0.08359375 0.1046875
1 0.2828125 0.55859375 0.0890625 0.08046875
0 0.7125 0.73359375 0.08046875 0.13046875
1 0.95390625 0.95703125 0.08828125 0.08359375
0 0.3796875 0.33984375 0.0296875 0.0390625
1 0.65625 0.64609375 0.0796875 0.10234375
1 0.49765625 0.4765625 0.0453125 0.07109375
1 0.45 0.41484375 0.05625 0.05
1 0.4171875 0.3890625 0.05625 0.0453125
0 0.36484375 0.3234375 0.02734375 0.03515625
1 0.33203125 0.28359375 0.0328125 0.04296875
0 0.30625 0.29140625 0.0203125 0.0375
0 0.3078125 0.26796875 0.0328125 0.028125
1 0.33828125 0.75234375 0.128125 0.153125
1 0.26015625 0.50390625 0.06640625 0.0640625