1 0.5265625 0.50625 0.06640625 0.0859375
1 0.76953125 0.79140625 0.0765625 0.12578125
1 0.8640625 0.91796875 0.0828125 0.1359375
1 0.41953125 0.39140625 0.0515625 0.05703125
1 0.3234375 0.76015625 0.1203125 0.1609375
0 0.65546875 0.66953125 0.0796875 0.1234375
1 0.60703125 0.58984375 0.06328125 0.0890625
1 0.371875 0.33046875 0.04296875 0.0484375
1 0.46875 0.44453125 0.05546875 0.0640625
1 0.3140625 0.6640625 0.09375 0.08828125
1 0.28359375 0.640625 0.084375 0.096875
1 0.32578125 0.26875 0.0328125 0.03671875
0 0.95078125 0.95703125 0.09453125 0.08359375
1 0.25703125 0.5296875 0.06953125 0.0796875
0 0.29140625 0.56953125 0.08203125 0.0734375
0 0.5625 0.565625 0.05859375 0.09140625
1 0.35703125 0.8765625 0.1359375 0.1796875
0 0.7078125 0.74296875 0.08515625 0.11328125
1 0.4921875 0.47890625 0.0375 0.059375
0 0.4234375 0.43828125 0.0453125 0.0625
0 0.38203125 0.39921875 0.034375 0.04296875
0 0.384375 0.359375 0.04296875 0.03984375
0 0.34140625 0.34140625 0.02265625 0.03359375
1 0.34765625 0.3 0.04375 0.03984375
0 0.31640625 0.3046875 0.025 0.03359375
1 0.30703125 0.25546875 0.025 0.03828125