1 0.6078125 0.5890625 0.0640625 0.08671875
1 0.7703125 0.79140625 0.0765625 0.12578125
1 0.30546875 0.69140625 0.1 0.13125
1 0.5265625 0.50625 0.06640625 0.0859375
1 0.8640625 0.91875 0.08203125 0.13515625
1 0.41953125 0.39140625 0.0515625 0.05703125
1 0.46875 0.44453125 0.05546875 0.0640625
1 0.34921875 0.29921875 0.04453125 0.03984375
1 0.28125 0.57109375 0.09296875 0.10390625
1 0.35390625 0.8859375 0.10703125 0.17890625
0 0.7109375 0.7359375 0.08359375 0.1359375
0 0.5640625 0.56171875 0.05703125 0.0890625
0 0.43359375 0.43671875 0.04140625 0.059375
1 0.95390625 0.95859375 0.08828125 0.08046875
0 0.3609375 0.7515625 0.10546875 0.125
0 0.31484375 0.60703125 0.07734375 0.06640625
1 0.65625 0.6484375 0.06953125 0.1078125
1 0.496875 0.47734375 0.04453125 0.05625
1 0.3328125 0.2828125 0.03203125 0.034375
0 0.384375 0.39609375 0.0296875 0.0515625
0 0.38515625 0.3671875 0.0453125 0.03515625
0 0.36953125 0.3484375 0.04296875 0.0265625
0 0.36015625 0.33125 0.03984375 0.02578125
0 0.309375 0.290625 0.02421875 0.0234375
0 0.30703125 0.26953125 0.0328125 0.021875