1 0.5296875 0.50390625 0.06484375 0.0734375
1 0.4640625 0.44765625 0.0578125 0.0546875
1 0.60859375 0.5984375 0.06015625 0.0796875
1 0.32578125 0.790625 0.11796875 0.14375
1 0.421875 0.38984375 0.05390625 0.05
1 0.3359375 0.27890625 0.03671875 0.04140625
0 0.6546875 0.66875 0.08125 0.12421875
1 0.28125 0.640625 0.08984375 0.1140625
0 0.8625 0.91015625 0.125 0.178125
0 0.3984375 0.36015625 0.0359375 0.05
0 0.56640625 0.5640625 0.06171875 0.0984375
0 0.36015625 0.325 0.03671875 0.0375
0 0.353125 0.303125 0.03046875 0.0484375
0 0.49453125 0.48359375 0.04765625 0.0765625
0 0.95234375 0.96484375 0.09453125 0.0703125
0 0.77734375 0.840625 0.10703125 0.1359375
0 0.69609375 0.7484375 0.09375 0.134375
1 0.3921875 0.84765625 0.10390625 0.1328125
1 0.31796875 0.68203125 0.0859375 0.1046875
1 0.29375 0.546875 0.07109375 0.08984375
1 0.43125 0.41796875 0.03984375 0.05078125
0 0.3765625 0.340625 0.03671875 0.0359375
1 0.3125 0.26953125 0.015625 0.03828125
1 0.30546875 0.2515625 0.02578125 0.03203125