1 0.69609375 0.6484375 0.12890625 0.146875
0 0.8140625 0.66328125 0.08125 0.04453125
0 0.78203125 0.6265625 0.06484375 0.0375
0 0.60078125 0.66640625 0.0375 0.05
0 0.60234375 0.628125 0.05859375 0.040625
0 0.575 0.60078125 0.0484375 0.03359375
0 0.5484375 0.578125 0.04609375 0.03046875
0 0.53046875 0.5578125 0.04296875 0.03046875
0 0.66328125 0.5859375 0.05 0.028125
0 0.640625 0.565625 0.046875 0.02578125
0 0.61484375 0.5453125 0.04375 0.01875
0 0.5921875 0.53125 0.03828125 0.0265625
0 0.5171875 0.54375 0.03984375 0.021875
0 0.903125 0.571875 0.04921875 0.03671875
0 0.88203125 0.5484375 0.04921875 0.0296875
0 0.84765625 0.53203125 0.046875 0.02421875
0 0.8171875 0.51484375 0.0390625 0.02265625
0 0.95 0.58671875 0.04921875 0.04609375
0 0.971875 0.54765625 0.03359375 0.02578125
0 0.94375 0.534375 0.0421875 0.03515625
0 0.90859375 0.52109375 0.03671875 0.02578125