1 0.86640625 0.88671875 0.08125 0.14375
1 0.36328125 0.86875 0.11953125 0.203125
1 0.7125 0.71796875 0.08203125 0.13671875
1 0.3234375 0.7828125 0.11015625 0.1546875
1 0.78046875 0.7921875 0.07421875 0.125
1 0.6078125 0.59296875 0.06484375 0.08984375
1 0.65078125 0.64921875 0.07578125 0.109375
1 0.303125 0.69609375 0.10234375 0.1359375
1 0.40546875 0.3640625 0.053125 0.06171875
1 0.5625 0.55625 0.06640625 0.08046875
1 0.42734375 0.390625 0.0515625 0.05703125
1 0.53359375 0.509375 0.05859375 0.07421875
1 0.4671875 0.43359375 0.0578125 0.0765625
1 0.27578125 0.64453125 0.08671875 0.11015625
1 0.49765625 0.471875 0.053125 0.06171875
0 0.9546875 0.95703125 0.08828125 0.08515625
0 0.434375 0.434375 0.03984375 0.05546875
0 0.38515625 0.340625 0.0328125 0.04296875
0 0.37265625 0.3234375 0.0265625 0.04375
0 0.35859375 0.30546875 0.02578125 0.03828125
0 0.3453125 0.2921875 0.02578125 0.040625
0 0.3328125 0.27734375 0.02265625 0.03671875
0 0.315625 0.26640625 0.0234375 0.0375
1 0.2671875 0.56015625 0.084375 0.06953125
1 0.253125 0.5125 0.0671875 0.04921875