1 0.76953125 0.79140625 0.07578125 0.12578125
1 0.6078125 0.590625 0.0640625 0.0859375
1 0.30546875 0.69140625 0.1 0.13125
1 0.5265625 0.50625 0.06640625 0.0859375
1 0.8640625 0.91796875 0.08203125 0.1359375
1 0.41953125 0.39140625 0.0515625 0.05703125
1 0.46875 0.44453125 0.05546875 0.0640625
0 0.34609375 0.3328125 0.03828125 0.02890625
1 0.34609375 0.29921875 0.046875 0.02734375
1 0.34921875 0.29921875 0.04453125 0.03984375
1 0.2828125 0.57109375 0.0890625 0.10390625
1 0.35390625 0.8859375 0.10859375 0.1765625
0 0.71171875 0.734375 0.08203125 0.1296875
0 0.5625 0.56328125 0.05703125 0.09375
0 0.3640625 0.74453125 0.096875 0.11015625
0 0.38515625 0.39765625 0.02890625 0.03515625
0 0.39453125 0.36171875 0.03359375 0.04609375
1 0.95859375 0.95859375 0.07890625 0.08046875
1 0.33359375 0.2828125 0.04296875 0.034375
0 0.3140625 0.26640625 0.02421875 0.03125
1 0.65234375 0.65 0.05703125 0.08515625
0 0.30625 0.6109375 0.08125 0.0734375
1 0.49765625 0.47578125 0.04921875 0.0703125
0 0.43671875 0.4375 0.0375 0.05390625
0 0.3625 0.35546875 0.028125 0.0390625