1 0.71640625 0.71796875 0.078125 0.1203125
1 0.60625 0.59296875 0.07421875 0.10625
1 0.446875 0.41875 0.05078125 0.05703125
1 0.40546875 0.365625 0.05390625 0.06328125
1 0.25546875 0.52578125 0.0671875 0.08671875
1 0.53359375 0.51015625 0.0578125 0.07578125
0 0.94921875 0.93359375 0.0890625 0.1328125
0 0.8703125 0.89296875 0.13203125 0.1875
0 0.77578125 0.79921875 0.11328125 0.18671875
0 0.66015625 0.6625 0.08515625 0.13671875
0 0.56875 0.5484375 0.06484375 0.09375
0 0.5046875 0.48125 0.05390625 0.071875
0 0.47734375 0.4515625 0.04453125 0.07109375
0 0.43125 0.38203125 0.03203125 0.0515625
0 0.38359375 0.33671875 0.02734375 0.03984375
0 0.36953125 0.321875 0.028125 0.0421875
0 0.359375 0.3046875 0.025 0.0375
0 0.34609375 0.29375 0.025 0.03828125
0 0.33125 0.278125 0.02421875 0.0359375
0 0.31796875 0.2671875 0.0234375 0.03515625
0 0.38515625 0.88359375 0.11796875 0.171875
0 0.33984375 0.796875 0.0953125 0.15703125
0 0.31875 0.7265625 0.0890625 0.11484375
0 0.2953125 0.6625 0.0734375 0.1125
0 0.28515625 0.59296875 0.0703125 0.09375