1 0.78359375 0.8078125 0.07265625 0.125
1 0.86171875 0.89296875 0.10078125 0.17578125
1 0.96484375 0.95703125 0.06953125 0.08359375
1 0.2890625 0.634375 0.08125 0.1015625
1 0.71171875 0.72578125 0.0875 0.1390625
1 0.60546875 0.59140625 0.07421875 0.09921875
1 0.6546875 0.6484375 0.08515625 0.12421875
1 0.5625 0.54453125 0.0796875 0.10390625
1 0.5 0.47890625 0.06328125 0.06484375
1 0.475 0.44140625 0.05546875 0.06484375
1 0.4140625 0.38828125 0.040625 0.0734375
1 0.44921875 0.41171875 0.05078125 0.05625
0 0.5296875 0.51328125 0.0640625 0.0828125
1 0.39140625 0.36328125 0.0453125 0.0609375
1 0.37734375 0.33125 0.046875 0.04609375
1 0.3578125 0.31484375 0.0390625 0.0453125
0 0.40625 0.83984375 0.13828125 0.16328125
0 0.36328125 0.75546875 0.096875 0.12109375
0 0.3265625 0.6875 0.09375 0.13515625
0 0.28125 0.53515625 0.06640625 0.06953125