1 0.71640625 0.71796875 0.078125 0.1203125
1 0.44765625 0.41796875 0.05078125 0.05703125
1 0.60625 0.59296875 0.07421875 0.10625
1 0.40546875 0.365625 0.0546875 0.06328125
1 0.25625 0.52734375 0.06484375 0.084375
1 0.53359375 0.5109375 0.05859375 0.075
0 0.94921875 0.95859375 0.09296875 0.0828125
0 0.8515625 0.91484375 0.1203125 0.146875
0 0.77265625 0.8390625 0.11171875 0.1703125
0 0.63984375 0.684375 0.09375 0.11640625
0 0.55390625 0.5765625 0.06171875 0.096875
0 0.490625 0.49296875 0.06015625 0.053125
0 0.4734375 0.4578125 0.05625 0.0484375
0 0.40625 0.41953125 0.0375 0.0546875
0 0.36953125 0.34609375 0.05 0.0296875
0 0.35625 0.32890625 0.05625 0.02421875
0 0.34765625 0.31015625 0.0515625 0.02109375
0 0.334375 0.296875 0.05 0.01875
0 0.32109375 0.2828125 0.046875 0.015625
0 0.30703125 0.26875 0.0375 0.015625
0 0.37109375 0.84921875 0.14765625 0.14609375
0 0.33515625 0.74375 0.13046875 0.10703125
0 0.3140625 0.68359375 0.11796875 0.09453125
0 0.30703125 0.62578125 0.11875 0.07265625
0 0.2921875 0.57421875 0.0890625 0.07734375