1 0.76953125 0.79140625 0.07578125 0.12578125
1 0.6078125 0.590625 0.0640625 0.0859375
1 0.5265625 0.50625 0.06640625 0.0859375
1 0.41953125 0.39140625 0.05078125 0.05703125
1 0.8640625 0.91796875 0.08203125 0.134375
1 0.30546875 0.69140625 0.10078125 0.13125
1 0.46875 0.44453125 0.05546875 0.0640625
1 0.34921875 0.29921875 0.04453125 0.03984375
1 0.28203125 0.56953125 0.09140625 0.1046875
1 0.35390625 0.8859375 0.10859375 0.175
0 0.5640625 0.56171875 0.0578125 0.0890625
1 0.95703125 0.95859375 0.08203125 0.08046875
0 0.7109375 0.73046875 0.08359375 0.1296875
0 0.39453125 0.36171875 0.03203125 0.04453125
1 0.3796875 0.70546875 0.10859375 0.1453125
1 0.4984375 0.475 0.04609375 0.05
1 0.6515625 0.64765625 0.06484375 0.0859375
0 0.309375 0.60703125 0.08359375 0.07578125
0 0.43203125 0.43828125 0.040625 0.05859375
0 0.37734375 0.34375 0.0296875 0.0390625
0 0.36171875 0.325 0.02890625 0.03515625
1 0.3296875 0.284375 0.02890625 0.03515625
0 0.30625 0.29296875 0.02265625 0.02109375
0 0.30625 0.27578125 0.0328125 0.025