1 0.365625 0.8640625 0.11796875 0.20078125
1 0.86328125 0.8953125 0.09921875 0.18125
1 0.71640625 0.7171875 0.07734375 0.11953125
1 0.96484375 0.9578125 0.06953125 0.08203125
1 0.6546875 0.65 0.084375 0.128125
1 0.5328125 0.50859375 0.05703125 0.0734375
1 0.44765625 0.41875 0.05078125 0.05546875
1 0.56171875 0.54765625 0.08125 0.1046875
1 0.60625 0.59140625 0.0734375 0.10390625
1 0.25546875 0.528125 0.06640625 0.0859375
0 0.778125 0.80078125 0.1015625 0.1625
0 0.50625 0.48515625 0.04609375 0.06796875
0 0.478125 0.45390625 0.04140625 0.06484375
1 0.40625 0.3546875 0.059375 0.05
0 0.3828125 0.33828125 0.0296875 0.0359375
0 0.37109375 0.3234375 0.025 0.03359375
0 0.35625 0.30859375 0.025 0.0359375
0 0.34609375 0.29296875 0.02265625 0.03359375
0 0.33203125 0.28046875 0.02421875 0.03203125
0 0.3484375 0.76484375 0.078125 0.121875
0 0.32265625 0.7015625 0.07890625 0.13046875
0 0.2953125 0.6625 0.07265625 0.11171875
0 0.28046875 0.58203125 0.07265625 0.09765625
1 0.425 0.38203125 0.06328125 0.05625
0 0.31640625 0.26875 0.021875 0.02890625