1 0.5296875 0.50390625 0.06484375 0.0734375
1 0.4640625 0.44765625 0.0578125 0.0546875
1 0.6078125 0.5984375 0.06015625 0.078125
1 0.32578125 0.790625 0.11796875 0.14375
1 0.3359375 0.27890625 0.03671875 0.04140625
1 0.28125 0.6390625 0.08984375 0.11484375
0 0.95078125 0.95859375 0.09453125 0.08046875
0 0.65390625 0.67109375 0.08203125 0.121875
0 0.8609375 0.92421875 0.1234375 0.14921875
0 0.56796875 0.5609375 0.06328125 0.09375
0 0.37578125 0.37265625 0.028125 0.02890625
0 0.34453125 0.334375 0.03046875 0.021875
0 0.4953125 0.48046875 0.04765625 0.0703125
0 0.77421875 0.83515625 0.096875 0.13359375
0 0.70546875 0.759375 0.08359375 0.1078125
1 0.4328125 0.425 0.04140625 0.0484375
0 0.39375 0.39453125 0.025 0.03828125
0 0.36015625 0.35390625 0.0296875 0.02578125
0 0.33671875 0.31640625 0.028125 0.01953125
1 0.31484375 0.26953125 0.01796875 0.0421875
1 0.3046875 0.2546875 0.02109375 0.04140625
1 0.3875 0.853125 0.0890625 0.184375
1 0.30390625 0.68515625 0.084375 0.10546875
1 0.29765625 0.5515625 0.075 0.0953125