1 0.3640625 0.86875 0.1203125 0.20390625
1 0.7125 0.7171875 0.08203125 0.1359375
1 0.60859375 0.59375 0.06484375 0.090625
1 0.86875 0.89296875 0.1 0.18046875
1 0.78046875 0.7921875 0.07421875 0.1234375
1 0.2765625 0.65 0.0859375 0.11328125
1 0.53359375 0.5109375 0.05859375 0.075
1 0.40546875 0.3640625 0.05390625 0.06171875
1 0.49296875 0.4765625 0.05390625 0.06328125
1 0.42734375 0.390625 0.05078125 0.05703125
1 0.9578125 0.94375 0.084375 0.109375
0 0.65625 0.6578125 0.08203125 0.1515625
0 0.56875 0.55546875 0.06015625 0.09296875
0 0.47421875 0.45078125 0.0453125 0.05234375
0 0.45390625 0.41796875 0.04453125 0.05703125
0 0.378125 0.3453125 0.034375 0.04453125
0 0.3640625 0.325 0.03515625 0.046875
0 0.34921875 0.309375 0.03203125 0.04140625
0 0.33828125 0.29765625 0.0296875 0.03984375
0 0.32421875 0.28203125 0.0265625 0.034375
0 0.3125 0.26875 0.0328125 0.0375
0 0.3671875 0.74453125 0.09921875 0.096875
0 0.3296875 0.68359375 0.09375 0.12109375
0 0.29296875 0.57734375 0.08203125 0.06171875