1 0.8625 0.89140625 0.09921875 0.17578125
1 0.96484375 0.95703125 0.06875 0.08359375
1 0.60546875 0.590625 0.07578125 0.09921875
1 0.784375 0.809375 0.07109375 0.12578125
1 0.71875 0.7125 0.07265625 0.11171875
1 0.65703125 0.6359375 0.08046875 0.09921875
1 0.475 0.440625 0.05546875 0.06328125
1 0.49609375 0.47734375 0.05625 0.0640625
1 0.56640625 0.54921875 0.0859375 0.10078125
1 0.534375 0.50078125 0.0625 0.07890625
1 0.45078125 0.41875 0.05 0.05390625
1 0.42109375 0.3890625 0.05703125 0.06171875
1 0.3921875 0.36171875 0.05546875 0.0640625
1 0.3796875 0.33125 0.04609375 0.05703125
1 0.359375 0.3125 0.0375 0.04453125
1 0.3125 0.6765625 0.1296875 0.13125
1 0.28984375 0.603125 0.0875 0.05859375
1 0.27734375 0.54921875 0.0859375 0.078125
0 0.4078125 0.834375 0.12890625 0.15078125
0 0.36328125 0.74921875 0.08515625 0.1234375