1 0.69375 0.64140625 0.1296875 0.13359375
0 0.81015625 0.66875 0.11953125 0.0421875
0 0.79453125 0.62734375 0.09375 0.04453125
0 0.59921875 0.67109375 0.0671875 0.053125
0 0.6015625 0.62734375 0.109375 0.04140625
0 0.575 0.60859375 0.11328125 0.0421875
0 0.54609375 0.58203125 0.11796875 0.04296875
0 0.69609375 0.58203125 0.103125 0.04296875
0 0.65546875 0.559375 0.1 0.03359375
0 0.61171875 0.546875 0.09765625 0.02421875
0 0.946875 0.59453125 0.07109375 0.059375
0 0.91171875 0.5640625 0.0734375 0.0421875
0 0.8796875 0.5453125 0.0671875 0.04609375
0 0.8390625 0.53046875 0.05390625 0.034375
0 0.8125 0.5171875 0.04453125 0.03125
0 0.97265625 0.55 0.03828125 0.0375
0 0.940625 0.5328125 0.05390625 0.02734375
0 0.91640625 0.51796875 0.06484375 0.01953125