1 0.86796875 0.9 0.10078125 0.1796875
1 0.65390625 0.6453125 0.07109375 0.09453125
1 0.36328125 0.86875 0.11953125 0.203125
1 0.78046875 0.7921875 0.07421875 0.125
1 0.60859375 0.596875 0.06328125 0.0859375
1 0.303125 0.703125 0.09921875 0.1296875
1 0.33125 0.77421875 0.11484375 0.16640625
1 0.28203125 0.63515625 0.08671875 0.109375
1 0.7125 0.7171875 0.08203125 0.13828125
1 0.525 0.50703125 0.07265625 0.08828125
1 0.5671875 0.5453125 0.06015625 0.078125
1 0.9609375 0.9640625 0.078125 0.071875
1 0.49296875 0.47578125 0.04609375 0.0609375
1 0.4703125 0.4390625 0.0546875 0.0625
1 0.4484375 0.40859375 0.05390625 0.04609375
1 0.428125 0.390625 0.05078125 0.05546875
1 0.403125 0.36328125 0.04765625 0.05390625
1 0.38359375 0.35078125 0.03359375 0.053125
1 0.36796875 0.32265625 0.04609375 0.05703125
1 0.30859375 0.259375 0.03359375 0.04765625
0 0.29296875 0.56171875 0.06875 0.0640625