1 0.6859375 0.49609375 0.12109375 0.15
1 0.36171875 0.26015625 0.06953125 0.0609375
1 0.5578125 0.38671875 0.10234375 0.11328125
1 0.23984375 0.48828125 0.09765625 0.15625
0 0.390625 0.36171875 0.04609375 0.05625
0 0.80703125 0.61015625 0.1828125 0.18671875
0 0.9296875 0.73203125 0.140625 0.2046875
1 0.3125 0.79609375 0.203125 0.3109375
0 0.26328125 0.5875 0.128125 0.1234375
1 0.6046875 0.4375 0.07890625 0.12734375
1 0.48671875 0.35859375 0.06484375 0.115625
0 0.41953125 0.39375 0.05 0.0546875
0 0.38671875 0.3375 0.065625 0.04375
0 0.35625 0.321875 0.04140625 0.03515625
0 0.33828125 0.30703125 0.0375 0.02421875