1 0.79296875 0.57890625 0.12578125 0.1953125
1 0.3859375 0.28046875 0.07421875 0.06875
1 0.5984375 0.42109375 0.13984375 0.16640625
1 0.46171875 0.32890625 0.06953125 0.084375
1 0.94140625 0.74921875 0.11640625 0.3390625
1 0.68203125 0.48515625 0.11953125 0.21171875
1 0.52578125 0.38515625 0.06015625 0.10390625
1 0.48671875 0.35390625 0.06796875 0.096875
1 0.42109375 0.30546875 0.040625 0.065625
1 0.33984375 0.26171875 0.03203125 0.053125
1 0.31015625 0.2453125 0.03203125 0.04375
1 0.29765625 0.23359375 0.0296875 0.04609375
1 0.275 0.2109375 0.0328125 0.03828125
1 0.209375 0.32734375 0.07578125 0.1078125
0 0.30078125 0.81875 0.21640625 0.2609375
0 0.27109375 0.6140625 0.16484375 0.20703125
0 0.2390625 0.48984375 0.13359375 0.11015625
0 0.228125 0.42265625 0.1078125 0.09140625