1 0.86640625 0.88671875 0.08125 0.14453125
1 0.36328125 0.86875 0.11953125 0.2046875
1 0.78046875 0.79140625 0.07421875 0.12421875
1 0.32421875 0.7828125 0.10703125 0.15625
1 0.6078125 0.59296875 0.06484375 0.08984375
1 0.7125 0.71796875 0.08203125 0.13671875
1 0.65078125 0.6484375 0.07578125 0.11015625
1 0.303125 0.696875 0.10234375 0.1390625
1 0.40546875 0.3640625 0.05390625 0.06171875
1 0.53359375 0.509375 0.05859375 0.071875
1 0.4671875 0.43359375 0.05859375 0.0765625
1 0.42734375 0.39140625 0.05078125 0.05859375
1 0.4984375 0.471875 0.05234375 0.0609375
1 0.27578125 0.64765625 0.08359375 0.10859375
1 0.5625 0.55625 0.06640625 0.08046875
0 0.9578125 0.9546875 0.084375 0.090625
1 0.26484375 0.565625 0.0890625 0.07109375
1 0.2546875 0.51328125 0.06171875 0.053125
0 0.434375 0.428125 0.0375 0.04921875
0 0.38828125 0.3359375 0.034375 0.0390625
0 0.36875 0.32109375 0.0328125 0.04296875
0 0.3546875 0.30390625 0.0296875 0.040625
0 0.34921875 0.290625 0.03046875 0.04453125
0 0.33515625 0.2796875 0.02734375 0.0375
0 0.315625 0.26796875 0.02890625 0.040625