1 0.7703125 0.79296875 0.0765625 0.1265625
1 0.6078125 0.590625 0.06328125 0.0859375
1 0.70390625 0.7234375 0.07578125 0.109375
1 0.86328125 0.91875 0.08125 0.13515625
1 0.3234375 0.76015625 0.11953125 0.1609375
1 0.5265625 0.50390625 0.0671875 0.08203125
1 0.46875 0.44453125 0.05546875 0.0640625
0 0.37265625 0.37109375 0.02890625 0.05234375
1 0.37109375 0.33046875 0.04375 0.0484375
0 0.43046875 0.43203125 0.046875 0.071875
1 0.41953125 0.390625 0.05234375 0.05859375
1 0.28359375 0.6421875 0.084375 0.0953125
1 0.33125 0.28203125 0.03828125 0.0390625
1 0.95546875 0.95703125 0.0859375 0.084375
1 0.553125 0.5578125 0.05859375 0.09609375
1 0.646875 0.64375 0.07109375 0.06875
1 0.359375 0.86640625 0.1171875 0.17421875
1 0.3125 0.6546875 0.0953125 0.0828125
1 0.27109375 0.5640625 0.10625 0.08046875
1 0.4953125 0.4734375 0.040625 0.0546875
1 0.3984375 0.36484375 0.0359375 0.05078125
0 0.3421875 0.33515625 0.02265625 0.04296875
1 0.346875 0.29921875 0.040625 0.04296875
1 0.325 0.26328125 0.03046875 0.03203125
0 0.2984375 0.278125 0.02109375 0.028125