1 0.46328125 0.44765625 0.05859375 0.0546875
1 0.5296875 0.50390625 0.06484375 0.0734375
1 0.60859375 0.59921875 0.06015625 0.07890625
1 0.32578125 0.790625 0.11796875 0.14375
1 0.42109375 0.38984375 0.05390625 0.05
1 0.3359375 0.27890625 0.03671875 0.04140625
0 0.6546875 0.66875 0.0828125 0.121875
1 0.28046875 0.640625 0.0921875 0.1140625
0 0.86171875 0.9109375 0.12421875 0.1765625
0 0.39609375 0.3609375 0.034375 0.04921875
0 0.56484375 0.56875 0.0640625 0.1
0 0.36796875 0.32265625 0.02734375 0.04375
0 0.49296875 0.48515625 0.0484375 0.071875
0 0.775 0.83671875 0.0890625 0.16640625
0 0.95 0.96796875 0.1 0.0640625
0 0.709375 0.75546875 0.0890625 0.1328125
1 0.38984375 0.840625 0.10390625 0.16640625
1 0.31484375 0.68125 0.0734375 0.10625
1 0.29375 0.55390625 0.06640625 0.1078125
1 0.43203125 0.41796875 0.0375 0.06015625
0 0.3828125 0.34296875 0.03125 0.03203125
0 0.35078125 0.30703125 0.02890625 0.0265625
1 0.31484375 0.26796875 0.02265625 0.0390625
1 0.30390625 0.25703125 0.0234375 0.02890625