1 0.76953125 0.79140625 0.07734375 0.12578125
1 0.60703125 0.590625 0.06328125 0.08828125
1 0.70390625 0.7234375 0.07578125 0.109375
1 0.5265625 0.50625 0.06640625 0.0859375
1 0.8640625 0.91796875 0.08125 0.1359375
1 0.3234375 0.76015625 0.11875 0.1609375
1 0.46875 0.44453125 0.05625 0.0640625
1 0.37109375 0.32890625 0.04375 0.046875
1 0.41953125 0.39140625 0.05234375 0.05703125
1 0.2828125 0.64140625 0.08515625 0.09609375
0 0.56328125 0.56328125 0.05859375 0.09140625
1 0.33203125 0.28203125 0.0390625 0.0390625
1 0.271875 0.5625 0.0765625 0.08203125
1 0.96484375 0.96015625 0.06796875 0.078125
1 0.3578125 0.865625 0.109375 0.1625
1 0.315625 0.64921875 0.084375 0.0640625
1 0.64609375 0.64453125 0.0671875 0.096875
1 0.490625 0.47578125 0.04453125 0.0578125
0 0.43046875 0.4328125 0.0359375 0.0515625
1 0.39375 0.3734375 0.0359375 0.04375
0 0.3703125 0.36953125 0.0328125 0.04140625
0 0.340625 0.33671875 0.02734375 0.04375
1 0.346875 0.3 0.0421875 0.04140625
1 0.321875 0.2625 0.0265625 0.04453125
0 0.2984375 0.27109375 0.0265625 0.03671875