1 0.7703125 0.79140625 0.0765625 0.128125
1 0.60703125 0.58984375 0.06328125 0.0890625
1 0.5265625 0.50625 0.06640625 0.0859375
1 0.8640625 0.91953125 0.08203125 0.1359375
1 0.41953125 0.39140625 0.0515625 0.05703125
0 0.65546875 0.66796875 0.08125 0.1234375
1 0.3234375 0.76015625 0.11953125 0.159375
0 0.3734375 0.36953125 0.03203125 0.05234375
1 0.371875 0.33046875 0.04296875 0.0484375
1 0.46875 0.44453125 0.05546875 0.0640625
1 0.284375 0.64140625 0.08359375 0.0984375
0 0.321875 0.30078125 0.0265625 0.034375
1 0.3265625 0.26796875 0.0328125 0.0359375
1 0.96015625 0.95859375 0.07734375 0.08046875
1 0.2578125 0.52890625 0.06875 0.07890625
0 0.28984375 0.57109375 0.08359375 0.07578125
0 0.5625 0.56484375 0.05703125 0.0890625
0 0.709375 0.73828125 0.09609375 0.146875
1 0.36328125 0.86484375 0.1140625 0.140625
1 0.325 0.6515625 0.08125 0.08828125
1 0.49609375 0.48515625 0.05 0.06640625
0 0.43515625 0.4421875 0.04765625 0.0671875
0 0.38984375 0.4015625 0.03671875 0.06015625
0 0.33984375 0.33515625 0.028125 0.0390625
1 0.3484375 0.2953125 0.0453125 0.04140625
1 0.30703125 0.2546875 0.02421875 0.0375