1 0.86328125 0.8953125 0.09921875 0.18125
1 0.71640625 0.71796875 0.07734375 0.1203125
1 0.36640625 0.8640625 0.11875 0.1984375
1 0.44765625 0.41796875 0.05078125 0.05703125
1 0.328125 0.77421875 0.12109375 0.159375
1 0.60625 0.59140625 0.07421875 0.10390625
1 0.6546875 0.65078125 0.084375 0.12890625
1 0.40546875 0.365625 0.0546875 0.06171875
1 0.25625 0.525 0.06484375 0.09609375
1 0.53359375 0.5109375 0.05859375 0.075
0 0.95390625 0.94765625 0.0921875 0.1046875
0 0.78828125 0.80859375 0.1109375 0.16484375
0 0.571875 0.5453125 0.0609375 0.0828125
0 0.49765625 0.4703125 0.053125 0.06875
0 0.47578125 0.4421875 0.04765625 0.0703125
0 0.4265625 0.38203125 0.04453125 0.05390625
0 0.38359375 0.33671875 0.0328125 0.040625
0 0.371875 0.32578125 0.03203125 0.03828125
0 0.3578125 0.30625 0.02578125 0.03125
0 0.346875 0.28984375 0.025 0.0296875
0 0.33515625 0.27890625 0.02265625 0.03046875
0 0.3171875 0.26484375 0.0234375 0.03125
0 0.32578125 0.6796875 0.1015625 0.09375
0 0.309375 0.621875 0.0890625 0.0921875
0 0.2875 0.56953125 0.090625 0.0875