1 0.60703125 0.5890625 0.06328125 0.08671875
1 0.76953125 0.79140625 0.0765625 0.12578125
1 0.5265625 0.50546875 0.06640625 0.08515625
1 0.8640625 0.91796875 0.08359375 0.134375
1 0.3046875 0.69140625 0.10078125 0.128125
1 0.34765625 0.29921875 0.04140625 0.03984375
1 0.40078125 0.3640625 0.05703125 0.0609375
1 0.353125 0.8859375 0.1078125 0.1765625
1 0.46796875 0.44453125 0.05703125 0.06171875
1 0.290625 0.61640625 0.10390625 0.090625
1 0.2828125 0.55859375 0.0890625 0.07890625
0 0.71171875 0.73359375 0.08359375 0.13203125
0 0.5625 0.56328125 0.05703125 0.09140625
1 0.959375 0.95859375 0.0796875 0.08046875
1 0.64921875 0.6453125 0.06015625 0.12890625
1 0.49609375 0.47578125 0.04140625 0.0734375
1 0.44765625 0.41484375 0.05625 0.059375
1 0.4171875 0.39453125 0.0484375 0.0546875
0 0.3703125 0.34765625 0.0328125 0.0359375
0 0.35625 0.3265625 0.03125 0.03359375
1 0.33046875 0.28203125 0.0296875 0.03515625
0 0.30859375 0.28828125 0.01875 0.025
0 0.3078125 0.27265625 0.021875 0.03125
1 0.3375 0.7625 0.1171875 0.1609375