0 0.96796875 0.96640625 0.06328125 0.06640625
0 0.90859375 0.965625 0.07578125 0.05703125
0 0.85 0.9640625 0.06171875 0.06953125
0 0.7890625 0.9578125 0.06640625 0.078125
0 0.72890625 0.9578125 0.0625 0.0515625
0 0.67109375 0.94921875 0.04921875 0.05859375
0 0.6109375 0.94609375 0.06328125 0.0890625
0 0.55234375 0.9484375 0.05390625 0.08203125
0 0.96484375 0.90703125 0.06953125 0.06171875
0 0.903125 0.9078125 0.075 0.05625
0 0.846875 0.89921875 0.06484375 0.046875
0 0.79453125 0.896875 0.059375 0.04453125
0 0.7375 0.890625 0.06015625 0.04375
1 0.675 0.84296875 0.05078125 0.1078125
0 0.621875 0.88046875 0.0609375 0.06875
1 0.5640625 0.84921875 0.05703125 0.11640625
0 0.93671875 0.79609375 0.059375 0.0484375
1 0.88671875 0.77109375 0.04609375 0.08359375
0 0.83828125 0.7890625 0.0578125 0.053125
0 0.79140625 0.78203125 0.053125 0.05
0 0.74609375 0.7859375 0.05859375 0.03828125
0 0.69453125 0.7875 0.0515625 0.04140625
0 0.63984375 0.775 0.05546875 0.02734375
0 0.59765625 0.77734375 0.0453125 0.03515625
0 0.93359375 0.7515625 0.053125 0.04453125
0 0.83671875 0.74921875 0.0546875 0.03125
0 0.7875 0.74453125 0.0546875 0.03359375
0 0.7421875 0.74375 0.05546875 0.03203125
0 0.69453125 0.74296875 0.05390625 0.0375
0 0.6515625 0.73359375 0.05234375 0.040625
0 0.60546875 0.73359375 0.04296875 0.0453125
0 0.9578125 0.68828125 0.0515625 0.04296875
0 0.91484375 0.6859375 0.046875 0.03203125
0 0.87421875 0.68359375 0.04765625 0.034375
0 0.83046875 0.678125 0.0484375 0.03125
0 0.78671875 0.67734375 0.0484375 0.03671875
0 0.70703125 0.67421875 0.04765625 0.040625
0 0.74453125 0.67265625 0.04921875 0.0375
0 0.625 0.6625 0.0453125 0.04375
0 0.66484375 0.6734375 0.04375 0.04375