1 0.76953125 0.79140625 0.0765625 0.12578125
1 0.6078125 0.590625 0.0640625 0.08828125
1 0.8640625 0.91796875 0.08203125 0.134375
1 0.5265625 0.50546875 0.06640625 0.08515625
1 0.32265625 0.76015625 0.11953125 0.1609375
1 0.46875 0.44453125 0.05625 0.0640625
1 0.41953125 0.39140625 0.05234375 0.05703125
1 0.37109375 0.32890625 0.04375 0.046875
1 0.2828125 0.64140625 0.08515625 0.09609375
0 0.71171875 0.73203125 0.0828125 0.12578125
0 0.5640625 0.56171875 0.05703125 0.08671875
1 0.33203125 0.28125 0.0375 0.03828125
1 0.9578125 0.95859375 0.0796875 0.08046875
1 0.2703125 0.5609375 0.08515625 0.08125
1 0.25625 0.5140625 0.07109375 0.0515625
1 0.65078125 0.64453125 0.06796875 0.09921875
1 0.49375 0.47734375 0.046875 0.05625
1 0.396875 0.37421875 0.0390625 0.05703125
1 0.34296875 0.29921875 0.03359375 0.0359375
1 0.32265625 0.2625 0.02734375 0.03515625
0 0.30234375 0.27265625 0.0203125 0.02890625
0 0.340625 0.334375 0.02578125 0.03828125
0 0.37109375 0.37421875 0.02734375 0.03828125
0 0.4359375 0.4296875 0.04453125 0.05859375
1 0.35703125 0.86953125 0.1328125 0.175
1 0.3125 0.671875 0.11015625 0.1015625