1 0.76953125 0.79140625 0.07734375 0.128125
1 0.5265625 0.50625 0.06640625 0.0859375
1 0.8640625 0.91796875 0.08203125 0.1359375
1 0.60703125 0.590625 0.06484375 0.08828125
1 0.41953125 0.39140625 0.0515625 0.05546875
1 0.3234375 0.76015625 0.11796875 0.1609375
1 0.46875 0.44453125 0.05625 0.0640625
1 0.34921875 0.29921875 0.04453125 0.03984375
1 0.28203125 0.57109375 0.08984375 0.10390625
0 0.70859375 0.740625 0.08203125 0.134375
0 0.56171875 0.565625 0.05859375 0.09375
1 0.96328125 0.96015625 0.0703125 0.078125
1 0.36171875 0.865625 0.15390625 0.17890625
1 0.31796875 0.66953125 0.09140625 0.0859375
0 0.30703125 0.590625 0.08125 0.09375
1 0.6484375 0.64765625 0.0671875 0.090625
1 0.49375 0.47578125 0.0390625 0.05390625
0 0.428125 0.43671875 0.0421875 0.059375
0 0.38828125 0.36171875 0.034375 0.03984375
0 0.37421875 0.3421875 0.0296875 0.0375
0 0.3609375 0.325 0.0296875 0.03828125
1 0.33515625 0.284375 0.04375 0.0375
1 0.325 0.2625 0.03125 0.0359375
0 0.3 0.27421875 0.02265625 0.02890625