1 0.76953125 0.79140625 0.07734375 0.12578125
1 0.70546875 0.71328125 0.0765625 0.12890625
1 0.6078125 0.590625 0.0640625 0.08828125
1 0.5265625 0.50625 0.06640625 0.0859375
1 0.8640625 0.91796875 0.08203125 0.1359375
1 0.41953125 0.39140625 0.05078125 0.05703125
1 0.3234375 0.76015625 0.11953125 0.159375
1 0.28203125 0.56953125 0.08984375 0.1046875
1 0.46875 0.44453125 0.05546875 0.0640625
1 0.34921875 0.29921875 0.04453125 0.03984375
0 0.5609375 0.565625 0.06015625 0.09140625
1 0.9609375 0.95859375 0.07578125 0.08125
0 0.43515625 0.43359375 0.03671875 0.04921875
1 0.3546875 0.87109375 0.11328125 0.16171875
1 0.31171875 0.67578125 0.0984375 0.10078125
0 0.30546875 0.60546875 0.09296875 0.08046875
1 0.646875 0.65078125 0.06953125 0.10703125
1 0.49140625 0.48046875 0.0375 0.05546875
0 0.38359375 0.3984375 0.02890625 0.03984375
0 0.3875 0.3609375 0.040625 0.03046875
0 0.38046875 0.34296875 0.04140625 0.03046875
0 0.3671875 0.3265625 0.0421875 0.02578125
1 0.32578125 0.28515625 0.025 0.03828125
1 0.321875 0.26171875 0.02890625 0.03671875
0 0.29609375 0.278125 0.025 0.02265625