1 0.86328125 0.89609375 0.09765625 0.18203125
1 0.71640625 0.7171875 0.07890625 0.11953125
1 0.365625 0.86484375 0.11796875 0.1984375
1 0.33046875 0.76953125 0.121875 0.15859375
1 0.6546875 0.65 0.084375 0.1296875
1 0.446875 0.41796875 0.0515625 0.05625
1 0.5328125 0.50859375 0.05625 0.071875
1 0.60625 0.59296875 0.0734375 0.10390625
1 0.25625 0.525 0.065625 0.0890625
1 0.4046875 0.3640625 0.05390625 0.0609375
1 0.42265625 0.3875 0.0640625 0.0640625
0 0.934375 0.9171875 0.128125 0.165625
0 0.7859375 0.7984375 0.12578125 0.19296875
1 0.5625 0.5484375 0.08359375 0.1125
0 0.50703125 0.47734375 0.05234375 0.0765625
0 0.47578125 0.43984375 0.0484375 0.071875
0 0.38125 0.340625 0.03203125 0.04375
0 0.36796875 0.32578125 0.03125 0.04140625
0 0.35625 0.309375 0.0296875 0.04453125
0 0.34296875 0.2953125 0.0265625 0.04375
0 0.32890625 0.28046875 0.02734375 0.04375
0 0.31328125 0.26796875 0.0265625 0.04609375
0 0.3265625 0.68984375 0.0984375 0.11015625
0 0.30546875 0.63203125 0.0859375 0.1078125
0 0.2921875 0.56796875 0.08046875 0.10078125