1 0.7703125 0.79140625 0.0765625 0.128125
1 0.6078125 0.590625 0.0640625 0.08828125
1 0.5265625 0.50625 0.0671875 0.084375
1 0.8640625 0.91796875 0.08203125 0.1359375
1 0.70390625 0.7234375 0.07578125 0.10703125
1 0.3234375 0.76015625 0.11953125 0.1609375
1 0.46875 0.44453125 0.05546875 0.0640625
1 0.37109375 0.32890625 0.04375 0.046875
1 0.41953125 0.39140625 0.05234375 0.05703125
1 0.28359375 0.64140625 0.084375 0.09609375
0 0.5640625 0.5609375 0.05703125 0.08984375
1 0.33125 0.28203125 0.0390625 0.0390625
1 0.95546875 0.95859375 0.08515625 0.08046875
1 0.353125 0.875 0.11328125 0.1609375
1 0.3140625 0.66875 0.10234375 0.10234375
1 0.26796875 0.5625 0.08203125 0.075
1 0.6421875 0.64375 0.0671875 0.109375
1 0.4921875 0.4765625 0.040625 0.07109375
0 0.4265625 0.43984375 0.04375 0.06328125
1 0.39375 0.37265625 0.0296875 0.04765625
0 0.36796875 0.3734375 0.028125 0.04296875
0 0.3375 0.33671875 0.02578125 0.03828125
1 0.35 0.30234375 0.0484375 0.03671875
1 0.31953125 0.26328125 0.02421875 0.04140625
0 0.29765625 0.27578125 0.025 0.02890625