1 0.76953125 0.79296875 0.07578125 0.1265625
1 0.60703125 0.58984375 0.06328125 0.0890625
1 0.5265625 0.50625 0.06640625 0.0859375
1 0.8640625 0.91796875 0.08203125 0.1359375
1 0.41953125 0.39140625 0.0515625 0.05703125
0 0.65625 0.66953125 0.08203125 0.12109375
1 0.3234375 0.76015625 0.11953125 0.1609375
1 0.37109375 0.33125 0.04296875 0.046875
1 0.46796875 0.44453125 0.05625 0.0640625
1 0.284375 0.64140625 0.08359375 0.0984375
1 0.9546875 0.96171875 0.08828125 0.07421875
1 0.25703125 0.528125 0.06875 0.078125
0 0.29140625 0.56875 0.08125 0.06875
1 0.32578125 0.26640625 0.03203125 0.03671875
0 0.56171875 0.56640625 0.05859375 0.09296875
0 0.4359375 0.4359375 0.0375 0.053125
0 0.703125 0.7296875 0.08359375 0.13671875
1 0.35546875 0.87890625 0.12734375 0.1609375
1 0.32109375 0.665625 0.1 0.0796875
1 0.4984375 0.4796875 0.053125 0.053125
0 0.38828125 0.36015625 0.04296875 0.028125
1 0.346875 0.3 0.04609375 0.0296875
0 0.34453125 0.3296875 0.021875 0.04765625
0 0.32421875 0.2953125 0.02578125 0.03125
1 0.29609375 0.26328125 0.028125 0.03984375