1 0.365625 0.8640625 0.11796875 0.20078125
1 0.71640625 0.71796875 0.078125 0.1203125
1 0.44765625 0.41875 0.05078125 0.05703125
1 0.60625 0.590625 0.07421875 0.10390625
1 0.40546875 0.365625 0.0546875 0.0640625
0 0.2828125 0.559375 0.0953125 0.1296875
1 0.2546875 0.528125 0.06953125 0.09375
1 0.53359375 0.5109375 0.0578125 0.075
0 0.95078125 0.9546875 0.0953125 0.090625
0 0.8640625 0.88984375 0.1203125 0.19609375
0 0.7828125 0.81171875 0.10546875 0.18671875
0 0.6546875 0.65234375 0.08125 0.140625
0 0.56640625 0.55 0.06484375 0.0921875
0 0.496875 0.4875 0.05703125 0.0796875
0 0.4796875 0.45 0.04765625 0.07734375
0 0.42578125 0.3875 0.03828125 0.0625
0 0.37890625 0.3421875 0.028125 0.0421875
0 0.3640625 0.32421875 0.02734375 0.0421875
0 0.35078125 0.31015625 0.0296875 0.040625
0 0.3375 0.2953125 0.0265625 0.040625
0 0.321875 0.28046875 0.02890625 0.03828125
0 0.3109375 0.2671875 0.02421875 0.03671875
0 0.35078125 0.778125 0.1078125 0.14296875
0 0.328125 0.7015625 0.1015625 0.13125
0 0.29921875 0.63359375 0.0765625 0.11953125