1 0.79375 0.58046875 0.1265625 0.19453125
1 0.38671875 0.28046875 0.075 0.06875
1 0.59921875 0.42109375 0.14140625 0.16875
1 0.46171875 0.328125 0.06953125 0.08359375
1 0.94375 0.740625 0.1125 0.321875
1 0.6828125 0.49375 0.09765625 0.2328125
1 0.53125 0.3765625 0.05390625 0.08359375
1 0.4921875 0.34921875 0.0546875 0.10859375
1 0.4234375 0.29921875 0.0484375 0.07265625
1 0.3359375 0.2640625 0.028125 0.05625
1 0.3140625 0.23046875 0.0375 0.07109375
1 0.296875 0.23359375 0.02578125 0.053125
1 0.2765625 0.2125 0.03359375 0.04609375
0 0.21484375 0.40625 0.08828125 0.08515625
1 0.2046875 0.3234375 0.0640625 0.1109375
0 0.303125 0.83125 0.1921875 0.3046875
0 0.25234375 0.6203125 0.15625 0.16953125
0 0.23203125 0.4859375 0.12421875 0.10625