1 0.6078125 0.590625 0.0640625 0.08828125
1 0.76953125 0.79140625 0.07734375 0.12578125
1 0.8640625 0.91796875 0.08046875 0.1359375
1 0.3046875 0.69140625 0.10078125 0.13125
1 0.5265625 0.50625 0.06640625 0.0859375
1 0.41953125 0.39140625 0.0515625 0.05546875
1 0.6921875 0.75703125 0.08046875 0.140625
1 0.46875 0.44453125 0.05546875 0.06171875
1 0.28203125 0.56953125 0.08984375 0.1046875
1 0.34921875 0.29921875 0.04453125 0.03984375
1 0.353125 0.8859375 0.1078125 0.1765625
0 0.5640625 0.56171875 0.05625 0.090625
0 0.36484375 0.74609375 0.10078125 0.11640625
1 0.9609375 0.95703125 0.0734375 0.08359375
0 0.38359375 0.36875 0.0515625 0.0390625
0 0.31171875 0.6015625 0.0703125 0.07578125
1 0.6515625 0.646875 0.06015625 0.10390625
1 0.49375 0.4796875 0.03984375 0.06640625
0 0.4265625 0.43828125 0.03515625 0.053125
0 0.37421875 0.34453125 0.04296875 0.0296875
0 0.36484375 0.3234375 0.03515625 0.028125
1 0.32890625 0.2828125 0.02734375 0.0328125
0 0.3046875 0.29140625 0.025 0.0265625
0 0.30546875 0.2734375 0.03515625 0.02265625