1 0.7703125 0.79140625 0.0765625 0.12578125
1 0.6078125 0.590625 0.0640625 0.08828125
1 0.5265625 0.50625 0.06640625 0.0859375
1 0.8640625 0.91796875 0.08203125 0.134375
1 0.41953125 0.39140625 0.0515625 0.05703125
1 0.30546875 0.69140625 0.09921875 0.13125
1 0.46875 0.44453125 0.05546875 0.0640625
1 0.34921875 0.29921875 0.04453125 0.03984375
1 0.28125 0.57109375 0.09296875 0.10390625
1 0.35390625 0.8859375 0.10703125 0.1765625
0 0.71171875 0.73203125 0.08203125 0.1390625
0 0.56328125 0.56328125 0.06015625 0.09375
1 0.9578125 0.95859375 0.08046875 0.08046875
0 0.38515625 0.396875 0.0328125 0.046875
0 0.36171875 0.75078125 0.10703125 0.13359375
1 0.65078125 0.65234375 0.07734375 0.1078125
0 0.30546875 0.6078125 0.08125 0.071875
1 0.496875 0.471875 0.03984375 0.06796875
0 0.4328125 0.440625 0.0390625 0.0578125
0 0.38984375 0.359375 0.0359375 0.040625
0 0.3796875 0.34375 0.0296875 0.03515625
0 0.3671875 0.32578125 0.02734375 0.034375
1 0.33203125 0.27890625 0.03515625 0.0328125
0 0.30625 0.29140625 0.0203125 0.02734375
0 0.30625 0.271875 0.03203125 0.021875