1 0.86328125 0.89296875 0.09921875 0.178125
1 0.78359375 0.809375 0.07265625 0.12578125
1 0.96484375 0.95703125 0.06953125 0.08359375
1 0.71171875 0.72578125 0.0875 0.13828125
1 0.49921875 0.47890625 0.06328125 0.065625
1 0.60546875 0.59140625 0.07421875 0.1015625
1 0.2875 0.634375 0.0828125 0.1015625
1 0.65390625 0.64921875 0.08515625 0.1265625
1 0.5625 0.54453125 0.07890625 0.1046875
1 0.475 0.44140625 0.05546875 0.0640625
1 0.4484375 0.41171875 0.05078125 0.05625
0 0.52265625 0.52734375 0.0578125 0.0953125
1 0.42109375 0.3890625 0.0578125 0.05859375
1 0.390625 0.365625 0.05390625 0.078125
1 0.37734375 0.33125 0.04453125 0.04921875
1 0.3578125 0.3125 0.040625 0.04453125
0 0.409375 0.83828125 0.11953125 0.16640625
0 0.36328125 0.75625 0.09609375 0.12578125
0 0.33046875 0.684375 0.090625 0.1296875