1 0.7703125 0.79140625 0.0765625 0.12578125
1 0.5265625 0.50625 0.06640625 0.0859375
1 0.8640625 0.91875 0.0828125 0.13515625
1 0.60703125 0.58984375 0.0625 0.0890625
1 0.41953125 0.39140625 0.0515625 0.05703125
1 0.37109375 0.33125 0.04375 0.046875
1 0.3234375 0.76015625 0.11953125 0.1609375
1 0.46875 0.44453125 0.05625 0.0640625
1 0.28515625 0.640625 0.08359375 0.09921875
0 0.646875 0.67109375 0.0984375 0.12578125
1 0.32578125 0.26796875 0.03359375 0.03828125
0 0.29296875 0.56796875 0.08828125 0.065625
0 0.5609375 0.56796875 0.05859375 0.08828125
0 0.434375 0.43515625 0.03828125 0.0515625
1 0.96015625 0.95703125 0.07421875 0.08359375
1 0.490625 0.4828125 0.04375 0.0625
1 0.3640625 0.859375 0.15 0.15859375
1 0.3125 0.6625 0.096875 0.0828125
1 0.265625 0.525 0.06640625 0.07578125
0 0.70390625 0.746875 0.08828125 0.14765625
0 0.3859375 0.39765625 0.0265625 0.04296875
0 0.38359375 0.36328125 0.0328125 0.04375
0 0.34140625 0.3375 0.02265625 0.034375
1 0.34921875 0.3 0.046875 0.04375
0 0.315625 0.30390625 0.02109375 0.0359375
0 0.29921875 0.2765625 0.028125 0.03828125