1 0.35546875 0.871875 0.115625 0.17578125
1 0.78828125 0.79921875 0.07734375 0.13359375
1 0.32109375 0.7640625 0.103125 0.1453125
0 0.865625 0.90546875 0.11484375 0.178125
0 0.71328125 0.725 0.084375 0.1390625
0 0.653125 0.66328125 0.0734375 0.11875
0 0.60859375 0.61953125 0.06171875 0.0984375
0 0.56796875 0.56328125 0.065625 0.1046875
0 0.53125 0.52265625 0.06328125 0.09375
0 0.503125 0.48671875 0.05546875 0.08984375
0 0.475 0.45625 0.0484375 0.078125
0 0.45234375 0.428125 0.03828125 0.06171875
0 0.4328125 0.4046875 0.03515625 0.05234375
0 0.4125 0.3796875 0.03203125 0.0453125
0 0.39921875 0.36328125 0.0296875 0.04453125
0 0.3828125 0.34140625 0.028125 0.04375
0 0.37109375 0.32265625 0.025 0.0375
0 0.35390625 0.3078125 0.02421875 0.0359375
1 0.31328125 0.67734375 0.1109375 0.13046875
1 0.2890625 0.61484375 0.090625 0.0890625
1 0.271875 0.5609375 0.08203125 0.0859375
1 0.26875 0.50625 0.0828125 0.084375
1 0.253125 0.45390625 0.0828125 0.0703125
1 0.95078125 0.93203125 0.0984375 0.13515625