1 0.86328125 0.89296875 0.09921875 0.17890625
1 0.4 0.78671875 0.13515625 0.1765625
1 0.78359375 0.80703125 0.07265625 0.12109375
1 0.96484375 0.95703125 0.06953125 0.08359375
1 0.7125 0.72578125 0.08828125 0.140625
1 0.60625 0.590625 0.07421875 0.1
1 0.6546875 0.65 0.08515625 0.1296875
1 0.5625 0.54453125 0.08046875 0.1015625
1 0.328125 0.76015625 0.128125 0.159375
1 0.47578125 0.440625 0.05625 0.06015625
1 0.48984375 0.48125 0.05078125 0.05859375
1 0.5265625 0.503125 0.053125 0.0890625
1 0.45078125 0.41640625 0.05078125 0.0609375
1 0.41796875 0.390625 0.05625 0.0734375
1 0.3875 0.36640625 0.04765625 0.071875
1 0.378125 0.32890625 0.04765625 0.0515625
1 0.35625 0.31171875 0.03984375 0.05546875
1 0.3171875 0.66796875 0.11484375 0.10546875
1 0.29609375 0.60234375 0.08515625 0.065625
1 0.284375 0.55859375 0.07421875 0.065625