1 0.86796875 0.9 0.10078125 0.1796875
1 0.65390625 0.6453125 0.07109375 0.09453125
1 0.36328125 0.86953125 0.11953125 0.2046875
1 0.78046875 0.79140625 0.07421875 0.12421875
1 0.7125 0.71796875 0.08203125 0.13828125
1 0.30234375 0.70234375 0.1 0.13046875
1 0.33203125 0.7734375 0.11328125 0.165625
1 0.60859375 0.596875 0.0625 0.0859375
1 0.28125 0.63828125 0.08828125 0.11484375
1 0.525 0.50703125 0.07265625 0.08828125
1 0.5671875 0.54453125 0.06015625 0.07890625
1 0.471875 0.4390625 0.0578125 0.06484375
1 0.96640625 0.95859375 0.0671875 0.08203125
1 0.49375 0.4671875 0.05 0.06953125
1 0.44296875 0.4109375 0.04296875 0.05703125
1 0.4234375 0.38828125 0.04453125 0.04765625
1 0.4015625 0.365625 0.046875 0.0625
1 0.38359375 0.34921875 0.03671875 0.0421875
1 0.3734375 0.32265625 0.06015625 0.04609375
1 0.3453125 0.2734375 0.04765625 0.07265625
1 0.30703125 0.25546875 0.03359375 0.04296875
0 0.2953125 0.5734375 0.05703125 0.07734375