1 0.76953125 0.79140625 0.07734375 0.12578125
1 0.5265625 0.50625 0.06640625 0.0859375
1 0.60703125 0.5890625 0.06328125 0.08671875
1 0.41953125 0.39140625 0.05078125 0.05703125
1 0.8640625 0.91796875 0.08125 0.134375
1 0.3046875 0.68984375 0.10078125 0.1296875
1 0.46875 0.44453125 0.05546875 0.06171875
1 0.34921875 0.29921875 0.04453125 0.03984375
0 0.30859375 0.6046875 0.09765625 0.08515625
1 0.2828125 0.56953125 0.0890625 0.1046875
1 0.353125 0.8859375 0.10859375 0.1765625
0 0.7109375 0.73359375 0.0796875 0.13828125
0 0.56328125 0.56328125 0.0578125 0.08984375
1 0.96171875 0.96015625 0.07421875 0.078125
0 0.38046875 0.37265625 0.04921875 0.04140625
1 0.64921875 0.65 0.0640625 0.1
1 0.33984375 0.74609375 0.1203125 0.14765625
1 0.49375 0.478125 0.0421875 0.065625
0 0.42890625 0.44296875 0.03984375 0.0640625
0 0.3875 0.40078125 0.03359375 0.0421875
0 0.36953125 0.34765625 0.05625 0.03203125
0 0.35390625 0.32890625 0.05078125 0.02734375
1 0.325 0.284375 0.0203125 0.0390625
0 0.30234375 0.29296875 0.02265625 0.0265625
0 0.30625 0.2734375 0.034375 0.021875