1 0.76953125 0.79140625 0.07578125 0.12578125
1 0.5265625 0.50625 0.06640625 0.0859375
1 0.8640625 0.91796875 0.08203125 0.1359375
1 0.60703125 0.590625 0.06328125 0.08828125
1 0.41953125 0.39140625 0.05234375 0.05703125
1 0.37109375 0.33125 0.04296875 0.046875
1 0.32265625 0.76015625 0.12109375 0.1609375
1 0.28515625 0.640625 0.08359375 0.09921875
1 0.46875 0.44453125 0.05546875 0.0640625
0 0.65390625 0.67109375 0.084375 0.11875
1 0.37109375 0.390625 0.0390625 0.05859375
1 0.32578125 0.26640625 0.03359375 0.03671875
0 0.29140625 0.56796875 0.08515625 0.06015625
0 0.5578125 0.56875 0.0640625 0.090625
1 0.25703125 0.528125 0.06953125 0.08125
1 0.95546875 0.95703125 0.08671875 0.08359375
0 0.434375 0.43515625 0.0375 0.0484375
0 0.7046875 0.740625 0.0890625 0.11796875
1 0.35703125 0.86640625 0.12421875 0.165625
1 0.31953125 0.6515625 0.08125 0.084375
1 0.490625 0.46796875 0.03984375 0.06953125
0 0.33984375 0.33984375 0.0265625 0.040625
1 0.34765625 0.30078125 0.04453125 0.03125
0 0.31875 0.30390625 0.02265625 0.03203125
0 0.3 0.2734375 0.0203125 0.0265625