1 0.76953125 0.79140625 0.0765625 0.12578125
1 0.60703125 0.58984375 0.06328125 0.0890625
1 0.5265625 0.50625 0.06640625 0.0859375
1 0.86484375 0.91875 0.0828125 0.13671875
1 0.3234375 0.7609375 0.11953125 0.16171875
1 0.28359375 0.640625 0.084375 0.09921875
1 0.41953125 0.39140625 0.05234375 0.05703125
1 0.46875 0.44453125 0.05546875 0.0640625
1 0.37109375 0.33046875 0.04296875 0.04609375
0 0.659375 0.66953125 0.06953125 0.11953125
1 0.25703125 0.528125 0.06953125 0.0796875
1 0.32578125 0.26640625 0.03515625 0.0390625
0 0.28984375 0.56875 0.07890625 0.06328125
0 0.56171875 0.56640625 0.05703125 0.09296875
1 0.615625 0.70390625 0.06328125 0.10625
1 0.96171875 0.95859375 0.075 0.08046875
0 0.4359375 0.43359375 0.0359375 0.053125
0 0.71328125 0.740625 0.07734375 0.1171875
1 0.3609375 0.8640625 0.121875 0.14375
1 0.321875 0.65234375 0.07890625 0.071875
1 0.490625 0.47734375 0.03828125 0.06484375
1 0.3921875 0.371875 0.03359375 0.0515625
0 0.3703125 0.37109375 0.03203125 0.03984375
0 0.3421875 0.334375 0.025 0.03515625
1 0.35 0.29921875 0.04609375 0.03984375
0 0.315625 0.30546875 0.01953125 0.0296875
0 0.303125 0.27265625 0.025 0.02890625