1 0.8640625 0.8953125 0.0984375 0.18125
1 0.71640625 0.71796875 0.07734375 0.1203125
1 0.365625 0.8640625 0.11796875 0.19921875
1 0.32734375 0.7734375 0.121875 0.16015625
1 0.60625 0.59140625 0.0734375 0.10546875
1 0.40546875 0.365625 0.0546875 0.06328125
1 0.65703125 0.65078125 0.08984375 0.12890625
1 0.53359375 0.5109375 0.05859375 0.075
1 0.25625 0.52578125 0.06640625 0.0859375
1 0.44765625 0.41796875 0.05078125 0.05703125
0 0.9515625 0.959375 0.096875 0.08125
0 0.76953125 0.8421875 0.10546875 0.11953125
0 0.54765625 0.58125 0.06796875 0.07890625
0 0.48828125 0.4953125 0.05234375 0.06171875
0 0.46875 0.45859375 0.06015625 0.05
0 0.4046875 0.4234375 0.03984375 0.05703125
0 0.3703125 0.346875 0.04375 0.0328125
0 0.359375 0.32734375 0.0421875 0.02734375
0 0.34765625 0.31015625 0.04375 0.02421875
0 0.33359375 0.29609375 0.03984375 0.021875
0 0.32109375 0.28046875 0.03359375 0.021875
0 0.31953125 0.66484375 0.1046875 0.0453125
0 0.3 0.6203125 0.109375 0.07109375
0 0.2921875 0.57578125 0.0921875 0.0640625