1 0.76953125 0.79140625 0.07578125 0.12578125
1 0.5265625 0.50625 0.06640625 0.0859375
1 0.8640625 0.91875 0.08203125 0.13515625
1 0.60703125 0.590625 0.06328125 0.08828125
1 0.41953125 0.39140625 0.0515625 0.05703125
0 0.65546875 0.66796875 0.08046875 0.125
1 0.37109375 0.33125 0.04296875 0.046875
1 0.32265625 0.76015625 0.12109375 0.1609375
1 0.46875 0.44453125 0.05546875 0.0640625
1 0.309375 0.6671875 0.1 0.1046875
1 0.284375 0.640625 0.08359375 0.096875
1 0.32578125 0.26640625 0.03359375 0.03671875
0 0.29140625 0.56875 0.08046875 0.071875
0 0.5609375 0.56640625 0.06015625 0.09296875
1 0.25625 0.528125 0.0703125 0.08125
1 0.96015625 0.96015625 0.078125 0.078125
0 0.7109375 0.74453125 0.07734375 0.128125
1 0.3578125 0.865625 0.1046875 0.16484375
1 0.49140625 0.4765625 0.040625 0.0671875
0 0.42890625 0.4390625 0.04140625 0.053125
0 0.384375 0.40078125 0.03203125 0.04609375
0 0.38515625 0.36640625 0.03671875 0.0421875
0 0.33671875 0.33828125 0.028125 0.03515625
0 0.31796875 0.30546875 0.02421875 0.03671875
0 0.29765625 0.2765625 0.0265625 0.03125
1 0.34921875 0.30078125 0.05078125 0.03671875