1 0.7703125 0.79140625 0.0765625 0.12578125
1 0.5265625 0.50625 0.06640625 0.08203125
1 0.8640625 0.91875 0.0828125 0.13515625
1 0.60703125 0.590625 0.0625 0.08828125
1 0.3234375 0.76015625 0.11953125 0.1609375
1 0.41953125 0.39140625 0.0515625 0.05703125
1 0.37109375 0.32890625 0.04375 0.046875
0 0.6546875 0.66953125 0.08359375 0.12109375
1 0.46875 0.44453125 0.05546875 0.06171875
1 0.3109375 0.6640625 0.0953125 0.071875
1 0.28359375 0.64140625 0.08359375 0.0984375
1 0.25703125 0.528125 0.06875 0.0796875
1 0.32578125 0.26796875 0.03359375 0.03828125
0 0.5625 0.56484375 0.0578125 0.090625
0 0.290625 0.56953125 0.08359375 0.0640625
1 0.9609375 0.959375 0.07734375 0.07890625
0 0.4359375 0.43203125 0.03515625 0.05390625
1 0.35703125 0.8796875 0.13125 0.140625
1 0.490625 0.4796875 0.05 0.06171875
1 0.39609375 0.36875 0.03125 0.0359375
0 0.371875 0.37890625 0.03125 0.04921875
0 0.33984375 0.33671875 0.034375 0.034375
1 0.35234375 0.2984375 0.0484375 0.0328125
0 0.315625 0.30390625 0.0265625 0.03515625
0 0.3 0.2765625 0.01875 0.02578125