1 0.79375 0.57890625 0.1265625 0.19375
1 0.59921875 0.42109375 0.13984375 0.16875
1 0.38671875 0.28046875 0.07578125 0.06875
1 0.46171875 0.33125 0.06875 0.08203125
1 0.32265625 0.23671875 0.07265625 0.0609375
1 0.94609375 0.72421875 0.10703125 0.24140625
1 0.68203125 0.47578125 0.1203125 0.20390625
1 0.5375 0.3734375 0.08125 0.1015625
1 0.496875 0.35 0.05234375 0.1109375
1 0.4234375 0.309375 0.04296875 0.0796875
1 0.3453125 0.26484375 0.04921875 0.06015625
1 0.30078125 0.2203125 0.034375 0.03671875
0 0.31484375 0.84140625 0.20703125 0.21875
0 0.2609375 0.61796875 0.171875 0.17421875
0 0.23515625 0.4953125 0.1234375 0.08125
0 0.21875 0.40859375 0.09296875 0.07578125
1 0.20546875 0.32265625 0.07421875 0.11796875