1 0.76953125 0.79140625 0.07734375 0.128125
1 0.6078125 0.590625 0.0640625 0.08828125
1 0.5265625 0.50625 0.06640625 0.0859375
1 0.8640625 0.91796875 0.08203125 0.134375
1 0.32421875 0.76015625 0.11875 0.1609375
0 0.43046875 0.43984375 0.0453125 0.0671875
1 0.46875 0.44453125 0.05546875 0.0640625
1 0.37109375 0.33125 0.04375 0.046875
1 0.2828125 0.64140625 0.0875 0.09609375
1 0.3953125 0.3734375 0.03359375 0.05078125
1 0.41953125 0.39140625 0.05234375 0.05703125
1 0.25625 0.52890625 0.07109375 0.07890625
0 0.7109375 0.7359375 0.0828125 0.125
0 0.2953125 0.56640625 0.06875 0.06328125
0 0.5640625 0.5609375 0.05546875 0.0859375
1 0.33125 0.28203125 0.0375 0.0390625
1 0.9578125 0.95859375 0.08046875 0.08046875
1 0.653125 0.64140625 0.06953125 0.0953125
1 0.3625 0.8640625 0.103125 0.1421875
1 0.30859375 0.6671875 0.10234375 0.0953125
1 0.49375 0.4765625 0.040625 0.07734375
1 0.3453125 0.2984375 0.0359375 0.0421875
0 0.3703125 0.36875 0.0359375 0.04765625
0 0.340625 0.33515625 0.02734375 0.034375
1 0.32109375 0.26328125 0.02265625 0.040625
0 0.3015625 0.271875 0.025 0.0296875