1 0.6859375 0.49609375 0.12109375 0.1515625
1 0.3609375 0.259375 0.06953125 0.0609375
1 0.55703125 0.38671875 0.10078125 0.11328125
1 0.2390625 0.48828125 0.09765625 0.1546875
1 0.30625 0.73203125 0.16796875 0.21640625
0 0.39140625 0.365625 0.046875 0.05859375
0 0.8078125 0.60546875 0.18359375 0.1796875
0 0.9265625 0.74453125 0.146875 0.2390625
1 0.6125 0.42890625 0.07421875 0.1390625
1 0.49375 0.3609375 0.0640625 0.14453125
0 0.2609375 0.5828125 0.13359375 0.11953125
0 0.41875 0.39609375 0.05 0.05703125
0 0.3734375 0.33984375 0.04609375 0.04296875
0 0.35546875 0.321875 0.040625 0.03359375
0 0.3375 0.30625 0.0421875 0.02578125