1 0.6078125 0.5890625 0.0640625 0.08671875
1 0.76953125 0.79140625 0.0765625 0.12578125
1 0.5265625 0.50625 0.06640625 0.0859375
1 0.41953125 0.39140625 0.0515625 0.05703125
1 0.8640625 0.91796875 0.08203125 0.134375
1 0.30546875 0.68984375 0.1 0.1296875
1 0.46875 0.44453125 0.05546875 0.06171875
1 0.34921875 0.29921875 0.04453125 0.03984375
1 0.28203125 0.56953125 0.09296875 0.1046875
1 0.353125 0.88671875 0.1078125 0.178125
0 0.71171875 0.73203125 0.08203125 0.13125
0 0.5640625 0.56171875 0.05625 0.09296875
1 0.95703125 0.95859375 0.08203125 0.08125
0 0.39453125 0.3609375 0.03359375 0.0453125
0 0.3125 0.6109375 0.06796875 0.06171875
1 0.6453125 0.65 0.06171875 0.10390625
1 0.33984375 0.7421875 0.11953125 0.134375
1 0.49296875 0.47734375 0.03828125 0.06015625
0 0.43203125 0.434375 0.04296875 0.05078125
0 0.37734375 0.34296875 0.02734375 0.0390625
0 0.3625 0.325 0.025 0.03203125
1 0.32421875 0.2859375 0.0203125 0.0375
0 0.3046875 0.2921875 0.0203125 0.02734375
0 0.3046875 0.27421875 0.03203125 0.02265625