1 0.6078125 0.590625 0.0640625 0.08828125
1 0.7703125 0.79296875 0.0765625 0.1265625
1 0.8640625 0.91796875 0.08203125 0.134375
1 0.5265625 0.50625 0.06640625 0.0859375
1 0.46875 0.44453125 0.05625 0.0640625
1 0.3234375 0.76015625 0.11796875 0.1609375
1 0.37109375 0.32890625 0.04375 0.046875
1 0.41953125 0.390625 0.05234375 0.05859375
1 0.28203125 0.64140625 0.08671875 0.09453125
0 0.7125 0.728125 0.0828125 0.13359375
0 0.5640625 0.56015625 0.05546875 0.08671875
1 0.33203125 0.28125 0.03828125 0.03828125
1 0.9609375 0.95859375 0.0765625 0.08046875
1 0.65078125 0.6546875 0.07109375 0.08984375
1 0.35546875 0.86875 0.1078125 0.1515625
1 0.4953125 0.475 0.0515625 0.06796875
1 0.309375 0.665625 0.109375 0.0796875
1 0.2703125 0.56171875 0.07890625 0.071875
0 0.42890625 0.43671875 0.0390625 0.0703125
1 0.4 0.36796875 0.034375 0.046875
0 0.37265625 0.37265625 0.0265625 0.04375
0 0.3453125 0.33828125 0.028125 0.0421875
1 0.34921875 0.29453125 0.0390625 0.04375
1 0.32265625 0.2671875 0.03125 0.03359375
0 0.296875 0.2765625 0.021875 0.02578125