1 0.79375 0.58046875 0.12578125 0.19453125
1 0.38671875 0.28046875 0.075 0.06875
1 0.6 0.42109375 0.14296875 0.16640625
1 0.4609375 0.32890625 0.06640625 0.0859375
1 0.946875 0.72734375 0.10625 0.2734375
1 0.67265625 0.48359375 0.11171875 0.23046875
1 0.528125 0.37890625 0.05234375 0.0828125
1 0.48828125 0.3546875 0.046875 0.08046875
1 0.41640625 0.30859375 0.0375 0.0875
1 0.296875 0.240625 0.03828125 0.07421875
1 0.321875 0.25 0.03203125 0.0703125
1 0.334375 0.26796875 0.03125 0.05546875
1 0.27109375 0.215625 0.02578125 0.06796875
1 0.20546875 0.32109375 0.0671875 0.1203125
0 0.30859375 0.81171875 0.18203125 0.2640625
0 0.25390625 0.61171875 0.16484375 0.18984375
0 0.2359375 0.48671875 0.109375 0.1140625
0 0.21796875 0.40703125 0.0796875 0.08828125