1 0.76953125 0.79140625 0.0765625 0.128125
1 0.5265625 0.50546875 0.06640625 0.08671875
1 0.60703125 0.590625 0.06328125 0.08828125
1 0.41953125 0.39140625 0.0515625 0.05703125
1 0.8640625 0.91796875 0.0828125 0.13203125
1 0.46875 0.44453125 0.05546875 0.0640625
1 0.3234375 0.76015625 0.11953125 0.1609375
1 0.37109375 0.33046875 0.04296875 0.0484375
0 0.65625 0.66640625 0.08125 0.128125
1 0.284375 0.640625 0.08359375 0.096875
0 0.95078125 0.95703125 0.0953125 0.08359375
1 0.32578125 0.26796875 0.03359375 0.03828125
1 0.25703125 0.52890625 0.06953125 0.07890625
0 0.56328125 0.5640625 0.05703125 0.090625
1 0.31640625 0.66015625 0.1015625 0.10625
0 0.2890625 0.57109375 0.0796875 0.07578125
0 0.39296875 0.35703125 0.03515625 0.0515625
1 0.35390625 0.86953125 0.12734375 0.16171875
0 0.70546875 0.7390625 0.08125 0.1140625
1 0.49140625 0.4765625 0.0390625 0.0578125
0 0.43515625 0.42890625 0.03125 0.04921875
0 0.38203125 0.39921875 0.03046875 0.04609375
0 0.33984375 0.33984375 0.025 0.03671875
1 0.34453125 0.30234375 0.0375 0.0375
0 0.3171875 0.3046875 0.0234375 0.03359375
1 0.3078125 0.25390625 0.0265625 0.0421875