1 0.36328125 0.86875 0.11953125 0.2046875
1 0.53359375 0.5109375 0.05703125 0.075
1 0.8703125 0.89296875 0.09765625 0.18046875
1 0.7125 0.71796875 0.08203125 0.13671875
1 0.27578125 0.64921875 0.08671875 0.11171875
1 0.60859375 0.59375 0.06484375 0.090625
1 0.40546875 0.36484375 0.05390625 0.0609375
1 0.78125 0.790625 0.07421875 0.1203125
0 0.4421875 0.4359375 0.05703125 0.06875
1 0.42734375 0.39140625 0.05078125 0.05625
1 0.965625 0.95625 0.06875 0.084375
0 0.65546875 0.67109375 0.06875 0.09375
0 0.5671875 0.56640625 0.0578125 0.0796875
0 0.490625 0.49765625 0.06171875 0.08515625
0 0.4625 0.465625 0.07265625 0.07890625
0 0.36875 0.378125 0.0296875 0.03671875
0 0.36640625 0.3546875 0.04921875 0.0359375
0 0.3546875 0.3296875 0.04921875 0.03203125
0 0.34453125 0.31328125 0.0421875 0.02890625
0 0.3328125 0.29765625 0.04453125 0.028125
0 0.32109375 0.284375 0.040625 0.02578125
0 0.30546875 0.27265625 0.03359375 0.02734375
0 0.35546875 0.746875 0.1265625 0.1203125
0 0.32109375 0.69609375 0.1171875 0.1203125
0 0.2890625 0.57109375 0.08203125 0.06171875