1 0.7703125 0.79140625 0.0765625 0.12578125
1 0.6078125 0.590625 0.06328125 0.0859375
1 0.70390625 0.7234375 0.07578125 0.109375
1 0.8640625 0.91875 0.08203125 0.13359375
1 0.5265625 0.50390625 0.0671875 0.08046875
1 0.3234375 0.76015625 0.1203125 0.1609375
1 0.46875 0.44453125 0.05625 0.06171875
0 0.434375 0.425 0.04609375 0.0640625
1 0.41953125 0.390625 0.05234375 0.05859375
1 0.37109375 0.32890625 0.04375 0.046875
1 0.2828125 0.6421875 0.08515625 0.0953125
1 0.33046875 0.28125 0.0359375 0.03828125
1 0.95625 0.95859375 0.08515625 0.08046875
1 0.271875 0.56875 0.0765625 0.08125
1 0.2578125 0.515625 0.06796875 0.05625
1 0.6453125 0.64609375 0.0640625 0.109375
1 0.3625 0.865625 0.11328125 0.13515625
1 0.3109375 0.66640625 0.1078125 0.08515625
1 0.5609375 0.55546875 0.07265625 0.1
1 0.490625 0.47421875 0.0375 0.07421875
1 0.396875 0.37109375 0.04140625 0.04609375
0 0.37109375 0.36640625 0.03046875 0.03515625
0 0.33984375 0.33515625 0.02265625 0.03671875
1 0.346875 0.29765625 0.03671875 0.04296875
1 0.32265625 0.259375 0.02734375 0.03671875
0 0.2984375 0.27578125 0.01953125 0.028125