1 0.6078125 0.590625 0.0640625 0.08828125
1 0.76953125 0.79140625 0.07578125 0.12578125
1 0.5265625 0.50625 0.06640625 0.0859375
1 0.30546875 0.68984375 0.1 0.1296875
1 0.86328125 0.91796875 0.08203125 0.134375
1 0.41953125 0.39140625 0.0515625 0.05546875
1 0.28203125 0.56953125 0.08984375 0.1046875
1 0.46875 0.44453125 0.05546875 0.06171875
1 0.3484375 0.29921875 0.04375 0.03984375
1 0.353125 0.8859375 0.1078125 0.1765625
0 0.71015625 0.73671875 0.08046875 0.128125
0 0.56484375 0.56171875 0.05234375 0.08515625
1 0.95859375 0.95703125 0.0796875 0.084375
0 0.4359375 0.434375 0.03671875 0.05
1 0.6484375 0.64375 0.0640625 0.1046875
1 0.34609375 0.74140625 0.11015625 0.13671875
0 0.3109375 0.60546875 0.08046875 0.1015625
1 0.49375 0.478125 0.04140625 0.0625
0 0.38515625 0.3984375 0.03046875 0.04453125
0 0.3765625 0.37265625 0.0453125 0.034375
0 0.36953125 0.353125 0.046875 0.0328125
0 0.35390625 0.33125 0.03984375 0.0296875
1 0.3265625 0.2828125 0.0265625 0.03828125
0 0.30625 0.29140625 0.02109375 0.0265625
0 0.30625 0.27265625 0.03203125 0.021875