0 0.96640625 0.965625 0.0671875 0.065625
0 0.91015625 0.96328125 0.0796875 0.0734375
0 0.85078125 0.9625 0.0734375 0.075
0 0.790625 0.9578125 0.07734375 0.065625
0 0.72890625 0.9578125 0.08203125 0.06640625
0 0.6765625 0.95 0.0546875 0.06640625
0 0.60625 0.93828125 0.0625 0.05703125
0 0.55703125 0.93671875 0.06875 0.06171875
0 0.9609375 0.90234375 0.075 0.05625
0 0.90625 0.903125 0.0828125 0.06015625
0 0.8453125 0.89765625 0.06953125 0.04375
0 0.79140625 0.89921875 0.07421875 0.05234375
0 0.734375 0.8890625 0.07421875 0.06015625
1 0.6765625 0.84765625 0.0578125 0.11328125
0 0.62109375 0.88046875 0.06015625 0.0546875
0 0.56796875 0.87734375 0.0625 0.05625
0 0.940625 0.79609375 0.06328125 0.04140625
0 0.88828125 0.79609375 0.0640625 0.05
0 0.8375 0.78828125 0.06484375 0.0390625
0 0.79140625 0.78984375 0.06015625 0.0421875
0 0.74140625 0.78125 0.0578125 0.0359375
0 0.6921875 0.77578125 0.05625 0.040625
0 0.64140625 0.778125 0.0546875 0.05078125
0 0.59765625 0.7703125 0.04609375 0.04140625
0 0.92734375 0.75390625 0.0640625 0.05
0 0.8859375 0.75234375 0.06328125 0.0390625
0 0.83515625 0.75 0.05625 0.0328125
0 0.78984375 0.74453125 0.059375 0.034375
0 0.7421875 0.7390625 0.05859375 0.0359375
0 0.69765625 0.740625 0.05703125 0.05
0 0.65078125 0.73515625 0.05234375 0.04140625
0 0.60703125 0.7265625 0.04921875 0.046875
0 0.95625 0.6875 0.05078125 0.0390625
0 0.91484375 0.6859375 0.0546875 0.03359375
0 0.87578125 0.684375 0.05 0.0359375
0 0.83046875 0.68125 0.05234375 0.03515625
0 0.7890625 0.68203125 0.0546875 0.03515625
0 0.74765625 0.6734375 0.05234375 0.028125
0 0.7078125 0.67265625 0.0484375 0.034375
0 0.66640625 0.66953125 0.05234375 0.028125
1 0.62421875 0.646875 0.03125 0.05625