1 0.46328125 0.44609375 0.05859375 0.05546875
1 0.60859375 0.5984375 0.06015625 0.0796875
1 0.5296875 0.50390625 0.06484375 0.0734375
1 0.32578125 0.790625 0.11796875 0.14375
1 0.33515625 0.27890625 0.03671875 0.04140625
0 0.6546875 0.66953125 0.08359375 0.12109375
0 0.8609375 0.9140625 0.12265625 0.16875
1 0.28046875 0.640625 0.09140625 0.115625
0 0.56796875 0.56640625 0.06015625 0.09296875
0 0.39296875 0.39140625 0.03515625 0.05
0 0.49453125 0.48515625 0.04609375 0.06875
0 0.34375 0.33515625 0.02734375 0.0390625
0 0.7734375 0.83515625 0.09921875 0.13671875
1 0.37734375 0.84921875 0.121875 0.13203125
1 0.31015625 0.671875 0.0828125 0.0984375
1 0.29375 0.54921875 0.0671875 0.090625
0 0.7109375 0.746875 0.07890625 0.12734375
0 0.94921875 0.95859375 0.1015625 0.0828125
1 0.4390625 0.4203125 0.05 0.04609375
0 0.40546875 0.41484375 0.03515625 0.0328125
0 0.3765625 0.371875 0.03359375 0.03515625
0 0.36171875 0.35 0.0296875 0.03515625
0 0.334375 0.315625 0.02734375 0.03203125
1 0.31328125 0.27109375 0.015625 0.03828125
1 0.3046875 0.25390625 0.021875 0.0359375