1 0.86640625 0.88671875 0.08125 0.14375
1 0.56171875 0.55546875 0.06640625 0.08125
1 0.3234375 0.78203125 0.109375 0.15703125
1 0.78046875 0.79140625 0.07421875 0.12421875
1 0.40546875 0.365625 0.0546875 0.06328125
1 0.36328125 0.86875 0.11953125 0.20390625
1 0.7125 0.7171875 0.08203125 0.1359375
1 0.6078125 0.59296875 0.06484375 0.08984375
1 0.275 0.65078125 0.08828125 0.11171875
1 0.4984375 0.471875 0.05234375 0.06171875
1 0.4671875 0.434375 0.05859375 0.07578125
1 0.65078125 0.6484375 0.07578125 0.1109375
1 0.2609375 0.578125 0.11171875 0.1109375
1 0.9515625 0.9578125 0.096875 0.084375
0 0.51328125 0.540625 0.059375 0.0796875
0 0.41875 0.40859375 0.0453125 0.05703125
0 0.37109375 0.34609375 0.046875 0.03515625
0 0.35859375 0.325 0.0453125 0.025
0 0.3484375 0.31015625 0.03671875 0.0234375
0 0.3359375 0.2953125 0.04375 0.0203125
0 0.32265625 0.28125 0.04296875 0.0234375
0 0.3109375 0.271875 0.03671875 0.01953125
0 0.325 0.675 0.10078125 0.07734375