1 0.7703125 0.79296875 0.0765625 0.1265625
1 0.6078125 0.590625 0.0640625 0.08828125
1 0.5265625 0.50625 0.06640625 0.0859375
1 0.8640625 0.91796875 0.08125 0.134375
1 0.32421875 0.76015625 0.11875 0.1609375
1 0.37109375 0.33125 0.04375 0.046875
1 0.46875 0.44453125 0.05546875 0.06171875
1 0.41953125 0.39140625 0.05234375 0.05703125
1 0.28359375 0.640625 0.08515625 0.096875
1 0.25546875 0.528125 0.07109375 0.078125
0 0.5625 0.56328125 0.0578125 0.08984375
0 0.71171875 0.73125 0.0828125 0.1234375
0 0.29140625 0.56953125 0.07890625 0.06796875
0 0.4359375 0.4359375 0.03828125 0.053125
1 0.33125 0.28203125 0.0390625 0.0390625
1 0.9625 0.95703125 0.07421875 0.084375
1 0.64765625 0.653125 0.06484375 0.09453125
1 0.49375 0.47265625 0.04765625 0.05546875
1 0.39921875 0.37265625 0.040625 0.05859375
1 0.3484375 0.29921875 0.04140625 0.0375
1 0.3265625 0.26015625 0.0375 0.0421875
1 0.36328125 0.86484375 0.11171875 0.13828125
1 0.3078125 0.6703125 0.11015625 0.109375
0 0.3734375 0.36875 0.03671875 0.05
0 0.34140625 0.33671875 0.03125 0.03828125
0 0.3 0.271875 0.021875 0.03125