1 0.6078125 0.5890625 0.0640625 0.08671875
1 0.7703125 0.79296875 0.0765625 0.1265625
1 0.3046875 0.690625 0.10078125 0.13046875
1 0.5265625 0.50625 0.06640625 0.0859375
1 0.41953125 0.39140625 0.05078125 0.05703125
1 0.8640625 0.91796875 0.08203125 0.1359375
1 0.46875 0.44453125 0.05625 0.0640625
1 0.2828125 0.56953125 0.0890625 0.1046875
1 0.34921875 0.29921875 0.04453125 0.03984375
1 0.35390625 0.88671875 0.10703125 0.1796875
0 0.7109375 0.7359375 0.08046875 0.12109375
0 0.56328125 0.5640625 0.05703125 0.090625
1 0.9609375 0.95859375 0.07578125 0.08046875
0 0.39453125 0.3609375 0.03203125 0.04375
0 0.3125 0.60703125 0.0734375 0.06328125
1 0.65078125 0.64765625 0.08359375 0.0984375
1 0.34296875 0.740625 0.10703125 0.1234375
1 0.48828125 0.48046875 0.03671875 0.06171875
0 0.43046875 0.4390625 0.034375 0.04921875
0 0.38515625 0.40078125 0.02734375 0.0421875
0 0.378125 0.340625 0.0265625 0.03671875
0 0.3671875 0.32265625 0.0265625 0.0359375
1 0.3296875 0.28203125 0.0296875 0.0328125
0 0.30546875 0.2921875 0.021875 0.0265625
0 0.30703125 0.275 0.02890625 0.02109375