1 0.76953125 0.79140625 0.07734375 0.128125
1 0.6078125 0.590625 0.06328125 0.0859375
1 0.70390625 0.7234375 0.07578125 0.10703125
1 0.8640625 0.91796875 0.08203125 0.1359375
1 0.5265625 0.50390625 0.0671875 0.084375
1 0.3234375 0.7609375 0.11796875 0.16171875
0 0.37265625 0.365625 0.0359375 0.05390625
1 0.37109375 0.33046875 0.04375 0.0484375
1 0.46875 0.44453125 0.05625 0.0640625
1 0.2828125 0.64140625 0.08515625 0.09453125
1 0.41875 0.390625 0.0515625 0.05859375
1 0.33203125 0.28203125 0.0390625 0.0390625
1 0.95546875 0.95859375 0.0859375 0.08125
1 0.2671875 0.56015625 0.0890625 0.07265625
1 0.25625 0.515625 0.0703125 0.05859375
0 0.43984375 0.42734375 0.0375 0.0546875
1 0.6453125 0.64453125 0.05625 0.078125
1 0.365625 0.8859375 0.12109375 0.15
1 0.3171875 0.6625 0.09453125 0.09140625
1 0.55625 0.55546875 0.06796875 0.09140625
1 0.4953125 0.46875 0.04375 0.0703125
1 0.3984375 0.36875 0.03671875 0.04375
0 0.340625 0.3328125 0.02265625 0.03984375
1 0.3484375 0.29921875 0.0421875 0.0296875
1 0.32265625 0.26484375 0.028125 0.03828125
0 0.29765625 0.2765625 0.0234375 0.0296875