1 0.76953125 0.79140625 0.0765625 0.12578125
1 0.6078125 0.5890625 0.0640625 0.08671875
1 0.5265625 0.50390625 0.06640625 0.08828125
1 0.30546875 0.690625 0.10078125 0.13046875
1 0.8640625 0.91796875 0.0828125 0.1359375
1 0.46875 0.44453125 0.05625 0.0640625
1 0.4015625 0.3640625 0.05859375 0.0609375
1 0.3484375 0.29921875 0.04453125 0.03984375
1 0.35390625 0.88671875 0.1078125 0.178125
1 0.28203125 0.56953125 0.08984375 0.1046875
0 0.7109375 0.734375 0.08359375 0.13125
0 0.56328125 0.56328125 0.05703125 0.09140625
1 0.96171875 0.95859375 0.0734375 0.08046875
0 0.3125 0.60859375 0.06875 0.0640625
1 0.6484375 0.64921875 0.06875 0.084375
1 0.33515625 0.75703125 0.1203125 0.17265625
1 0.49453125 0.47265625 0.0359375 0.06171875
0 0.43515625 0.43359375 0.04921875 0.07265625
0 0.3671875 0.34609375 0.03515625 0.03671875
0 0.35625 0.32890625 0.0359375 0.03203125
1 0.32890625 0.28359375 0.025 0.0375
0 0.30859375 0.290625 0.0203125 0.03046875
0 0.30390625 0.27109375 0.028125 0.0265625