0 0.96875 0.96796875 0.0625 0.0640625
0 0.90859375 0.9671875 0.05625 0.06484375
0 0.84375 0.9640625 0.053125 0.071875
0 0.79140625 0.95546875 0.06640625 0.0703125
0 0.7296875 0.95859375 0.05234375 0.07265625
0 0.675 0.953125 0.05390625 0.078125
0 0.61015625 0.95 0.05625 0.08671875
0 0.546875 0.93984375 0.0546875 0.075
0 0.96171875 0.90625 0.0546875 0.046875
0 0.903125 0.89921875 0.06328125 0.04921875
0 0.8421875 0.89609375 0.059375 0.0671875
0 0.790625 0.896875 0.06484375 0.05859375
0 0.73515625 0.8921875 0.05625 0.05859375
1 0.68359375 0.85234375 0.0671875 0.12421875
0 0.6203125 0.8765625 0.05390625 0.0734375
0 0.56640625 0.86484375 0.04921875 0.06484375
0 0.9375 0.79140625 0.05390625 0.05546875
0 0.93203125 0.75546875 0.05078125 0.04609375
0 0.88984375 0.8015625 0.0515625 0.05859375
0 0.884375 0.75390625 0.0515625 0.04140625
0 0.8375 0.7921875 0.04453125 0.0625
0 0.83671875 0.7515625 0.04765625 0.0359375
0 0.78984375 0.78984375 0.0453125 0.04765625
0 0.7890625 0.74765625 0.0546875 0.0390625
0 0.74140625 0.78359375 0.04375 0.04296875
0 0.74140625 0.74609375 0.0515625 0.0359375
0 0.69375 0.77734375 0.05 0.040625
0 0.6390625 0.775 0.03984375 0.0421875
0 0.5953125 0.76875 0.03515625 0.0359375
0 0.69609375 0.740625 0.0484375 0.03125
0 0.64921875 0.7375 0.04765625 0.0359375
0 0.60625 0.734375 0.04140625 0.034375
0 0.96015625 0.68515625 0.04375 0.03828125
0 0.91796875 0.68828125 0.04765625 0.03984375
0 0.8734375 0.6875 0.03984375 0.034375
0 0.83046875 0.6828125 0.046875 0.0328125
0 0.790625 0.67734375 0.0453125 0.04609375
0 0.75078125 0.675 0.04140625 0.03515625
0 0.70859375 0.67265625 0.04765625 0.02734375
0 0.6671875 0.67109375 0.04296875 0.03203125
1 0.62578125 0.6453125 0.05 0.05859375