1 0.4640625 0.44765625 0.05859375 0.05625
1 0.60859375 0.5984375 0.06015625 0.078125
1 0.5296875 0.50390625 0.06484375 0.0734375
1 0.3734375 0.86328125 0.1109375 0.18203125
1 0.29609375 0.70078125 0.09375 0.13359375
1 0.42109375 0.38984375 0.053125 0.05
1 0.33515625 0.27890625 0.03671875 0.04140625
0 0.6546875 0.66953125 0.0828125 0.11953125
0 0.8609375 0.91796875 0.1234375 0.16171875
0 0.39609375 0.3609375 0.034375 0.04921875
1 0.27734375 0.56015625 0.08984375 0.0984375
0 0.56640625 0.5640625 0.06484375 0.1015625
0 0.33359375 0.309375 0.03046875 0.0484375
0 0.49453125 0.48046875 0.05078125 0.078125
1 0.3359375 0.765625 0.1015625 0.10390625
1 0.296875 0.61171875 0.0765625 0.05859375
0 0.77265625 0.834375 0.096875 0.1359375
0 0.95234375 0.9640625 0.09453125 0.07109375
0 0.7078125 0.759375 0.09609375 0.140625
1 0.43125 0.42109375 0.0359375 0.05859375
0 0.36953125 0.34609375 0.034375 0.02734375
0 0.35390625 0.328125 0.0328125 0.03046875
1 0.315625 0.27421875 0.0203125 0.0359375
1 0.30234375 0.25390625 0.02421875 0.0328125