1 0.38671875 0.82890625 0.109375 0.18671875
1 0.71640625 0.71640625 0.078125 0.11875
1 0.60625 0.59296875 0.07421875 0.10625
0 0.46640625 0.4625 0.0625 0.0734375
0 0.415625 0.409375 0.05625 0.06015625
1 0.44765625 0.41796875 0.05078125 0.05625
1 0.25625 0.52421875 0.06640625 0.09375
1 0.40546875 0.365625 0.0546875 0.06328125
0 0.55546875 0.57578125 0.07578125 0.0921875
1 0.53359375 0.5109375 0.0578125 0.075
0 0.9515625 0.9609375 0.09296875 0.078125
0 0.8609375 0.90546875 0.13046875 0.15546875
0 0.77734375 0.8234375 0.11171875 0.13515625
0 0.65078125 0.6765625 0.09921875 0.11640625
0 0.4921875 0.50625 0.06953125 0.0640625
0 0.3703125 0.34609375 0.0515625 0.03828125
0 0.36015625 0.32734375 0.0484375 0.03046875
0 0.34609375 0.31484375 0.04765625 0.02734375
0 0.33359375 0.296875 0.05078125 0.02734375
0 0.3234375 0.28203125 0.04375 0.02109375
0 0.3078125 0.2703125 0.0328125 0.025
0 0.3671875 0.76875 0.125 0.1515625
0 0.3328125 0.6953125 0.096875 0.1203125
0 0.3078125 0.63359375 0.08125 0.1046875
0 0.28671875 0.578125 0.08359375 0.08203125