1 0.7703125 0.79140625 0.0765625 0.12578125
1 0.70390625 0.7234375 0.07578125 0.10703125
1 0.8640625 0.91875 0.08203125 0.13359375
1 0.6078125 0.590625 0.06328125 0.0859375
1 0.3234375 0.76015625 0.11875 0.1609375
1 0.5265625 0.50390625 0.0671875 0.08203125
1 0.41953125 0.39140625 0.05234375 0.05703125
1 0.46875 0.44453125 0.05625 0.0640625
0 0.37265625 0.371875 0.0390625 0.05859375
1 0.37109375 0.32890625 0.04375 0.046875
1 0.309375 0.66953125 0.10546875 0.0875
1 0.284375 0.64140625 0.08359375 0.09609375
1 0.315625 0.53515625 0.07421875 0.0984375
1 0.32421875 0.28515625 0.03671875 0.04296875
0 0.434375 0.4359375 0.03984375 0.0546875
1 0.95703125 0.95859375 0.08359375 0.08125
1 0.65234375 0.64609375 0.0671875 0.0921875
1 0.3578125 0.875 0.121875 0.16875
1 0.5546875 0.55703125 0.07421875 0.0875
1 0.49375 0.47109375 0.0453125 0.07265625
1 0.3953125 0.36875 0.03671875 0.05703125
0 0.34375 0.33828125 0.02578125 0.040625
1 0.346875 0.2984375 0.04453125 0.03828125
0 0.29921875 0.2765625 0.02109375 0.02578125
1 0.32890625 0.25859375 0.03046875 0.0296875