1 0.365625 0.8640625 0.11796875 0.196875
1 0.328125 0.77421875 0.12109375 0.16015625
1 0.8640625 0.8953125 0.0984375 0.18125
1 0.71640625 0.71640625 0.07890625 0.11875
1 0.60625 0.59375 0.0734375 0.10546875
1 0.44765625 0.41796875 0.05078125 0.05625
1 0.25625 0.5265625 0.06484375 0.08515625
1 0.40546875 0.365625 0.0546875 0.06171875
1 0.53359375 0.5109375 0.05859375 0.075
0 0.95 0.95546875 0.1 0.0890625
0 0.7765625 0.82265625 0.09296875 0.13203125
0 0.65 0.67265625 0.08671875 0.1265625
0 0.5578125 0.56875 0.0671875 0.08984375
0 0.49453125 0.49609375 0.0515625 0.06796875
0 0.4671875 0.4609375 0.0484375 0.0625
0 0.41171875 0.41484375 0.04296875 0.0546875
0 0.36953125 0.3453125 0.040625 0.034375
0 0.3578125 0.328125 0.03984375 0.028125
0 0.34375 0.31171875 0.03515625 0.03203125
0 0.334375 0.2953125 0.0328125 0.02734375
0 0.32421875 0.28359375 0.03515625 0.02890625
0 0.3078125 0.26953125 0.03515625 0.03203125
0 0.334375 0.671875 0.09296875 0.0734375
0 0.32421875 0.62421875 0.09140625 0.0765625
0 0.2921875 0.56953125 0.09453125 0.09609375