1 0.365625 0.8640625 0.11796875 0.2
1 0.60625 0.59296875 0.07421875 0.10859375
1 0.40546875 0.365625 0.05390625 0.06328125
1 0.44765625 0.41875 0.05078125 0.05703125
1 0.71640625 0.71796875 0.078125 0.1203125
1 0.25625 0.5265625 0.0671875 0.090625
1 0.53359375 0.5109375 0.05859375 0.075
0 0.95390625 0.9609375 0.09140625 0.078125
0 0.8671875 0.88984375 0.12578125 0.16875
0 0.78359375 0.8078125 0.1015625 0.16484375
0 0.6546875 0.65625 0.09296875 0.1234375
0 0.56484375 0.55546875 0.06953125 0.09609375
0 0.503125 0.49375 0.046875 0.06953125
0 0.47578125 0.46015625 0.046875 0.06328125
0 0.41484375 0.39921875 0.0421875 0.06875
0 0.378125 0.3421875 0.03515625 0.046875
0 0.36484375 0.32734375 0.03203125 0.04609375
0 0.3515625 0.30859375 0.0265625 0.04375
0 0.340625 0.29375 0.03203125 0.04921875
0 0.3265625 0.27890625 0.028125 0.04453125
0 0.31015625 0.2640625 0.0265625 0.03984375
0 0.3609375 0.771875 0.1296875 0.146875
0 0.32421875 0.70625 0.10625 0.13515625
0 0.3078125 0.6359375 0.1 0.11796875
0 0.28984375 0.57734375 0.09375 0.11015625