0 0.96796875 0.96640625 0.0625 0.06640625
0 0.9125 0.965625 0.075 0.06875
0 0.84921875 0.9609375 0.065625 0.06640625
0 0.790625 0.96484375 0.06875 0.06640625
0 0.72578125 0.9546875 0.06015625 0.065625
0 0.66640625 0.94921875 0.06171875 0.08828125
0 0.61171875 0.95234375 0.0578125 0.0953125
0 0.5515625 0.946875 0.05 0.1015625
0 0.96328125 0.90078125 0.07265625 0.0640625
0 0.903125 0.89921875 0.0734375 0.0609375
0 0.8484375 0.8921875 0.06328125 0.04765625
0 0.78984375 0.88984375 0.06640625 0.06484375
0 0.73671875 0.8875 0.0640625 0.06328125
1 0.67890625 0.84765625 0.0578125 0.09921875
0 0.6203125 0.8796875 0.05546875 0.05234375
1 0.56484375 0.8375 0.05078125 0.11640625
0 0.9375 0.8015625 0.04765625 0.0578125
1 0.8859375 0.78125 0.040625 0.07734375
0 0.8375 0.790625 0.05703125 0.0671875
0 0.7875 0.7859375 0.0640625 0.05
0 0.740625 0.78203125 0.0578125 0.04453125
0 0.6921875 0.778125 0.0515625 0.03515625
0 0.64296875 0.775 0.0578125 0.0296875
0 0.6 0.76875 0.0453125 0.04296875
0 0.92734375 0.75234375 0.05078125 0.028125
0 0.8375 0.74921875 0.0546875 0.03671875
0 0.790625 0.74609375 0.05546875 0.03515625
0 0.7421875 0.74453125 0.05390625 0.034375
0 0.69765625 0.7421875 0.0484375 0.0390625
0 0.6515625 0.7375 0.04765625 0.03671875
0 0.6078125 0.73046875 0.046875 0.03515625
0 0.95859375 0.6875 0.04921875 0.02734375
0 0.91796875 0.684375 0.0515625 0.0328125
0 0.87578125 0.68359375 0.05390625 0.025
0 0.834375 0.6796875 0.05078125 0.0328125
0 0.79140625 0.6765625 0.05 0.03515625
0 0.7484375 0.6734375 0.046875 0.0328125
0 0.7078125 0.671875 0.046875 0.028125
0 0.66640625 0.6671875 0.04296875 0.0359375
0 0.6265625 0.66328125 0.03984375 0.03671875