1 0.8625 0.8921875 0.1 0.1765625
1 0.7125 0.7265625 0.08671875 0.13828125
1 0.78359375 0.80859375 0.07265625 0.12421875
1 0.96484375 0.95703125 0.06953125 0.08359375
1 0.6546875 0.65078125 0.084375 0.12890625
1 0.60625 0.59140625 0.07421875 0.10078125
1 0.475 0.44140625 0.05546875 0.06484375
1 0.49609375 0.478125 0.05703125 0.065625
1 0.53203125 0.5015625 0.0625 0.0765625
1 0.55859375 0.53984375 0.07421875 0.13125
1 0.45078125 0.4109375 0.0484375 0.053125
1 0.42421875 0.38515625 0.0578125 0.0640625
1 0.3953125 0.36015625 0.05859375 0.05625
1 0.37890625 0.3265625 0.04921875 0.046875
1 0.3578125 0.3078125 0.03984375 0.04296875
0 0.38515625 0.865625 0.11875 0.1578125
0 0.3625 0.77890625 0.1046875 0.15703125
0 0.32890625 0.6859375 0.0890625 0.11796875
1 0.28828125 0.6328125 0.09453125 0.090625
1 0.27890625 0.55390625 0.08125 0.0734375