1 0.76953125 0.79140625 0.07578125 0.12578125
1 0.5265625 0.50625 0.06640625 0.0859375
1 0.8640625 0.91796875 0.0828125 0.1359375
1 0.41953125 0.39140625 0.0515625 0.05703125
0 0.65625 0.66875 0.08203125 0.12421875
1 0.32265625 0.76015625 0.12109375 0.1609375
1 0.60703125 0.590625 0.06328125 0.08828125
0 0.384375 0.36015625 0.0515625 0.040625
1 0.37109375 0.33046875 0.04296875 0.0484375
1 0.46875 0.44453125 0.05625 0.0640625
1 0.28359375 0.640625 0.084375 0.09921875
1 0.32578125 0.26875 0.03359375 0.03671875
1 0.25703125 0.528125 0.06953125 0.078125
0 0.29140625 0.56953125 0.08125 0.0703125
0 0.5609375 0.56640625 0.06015625 0.09296875
1 0.9546875 0.95859375 0.08828125 0.08125
0 0.70859375 0.7484375 0.08125 0.11796875
1 0.359375 0.86953125 0.12578125 0.15859375
1 0.3125 0.6578125 0.09453125 0.078125
1 0.4921875 0.47421875 0.05234375 0.0671875
0 0.4296875 0.4390625 0.04140625 0.065625
0 0.3875 0.3953125 0.0296875 0.04140625
0 0.34375 0.33671875 0.02265625 0.0359375
1 0.34609375 0.29453125 0.04296875 0.0421875
0 0.31953125 0.3078125 0.02578125 0.02578125
0 0.3 0.27421875 0.0234375 0.021875