1 0.6078125 0.5890625 0.0640625 0.08671875
1 0.7703125 0.79140625 0.0765625 0.12578125
1 0.5265625 0.50546875 0.0671875 0.08515625
1 0.41953125 0.39140625 0.0515625 0.05703125
1 0.8640625 0.91796875 0.0828125 0.134375
1 0.3046875 0.690625 0.10078125 0.13046875
1 0.46875 0.44453125 0.05546875 0.06171875
1 0.28203125 0.56953125 0.08984375 0.1046875
1 0.34921875 0.29921875 0.04296875 0.03828125
1 0.353125 0.8859375 0.1078125 0.17890625
0 0.7125 0.73203125 0.08203125 0.128125
0 0.56328125 0.56171875 0.05703125 0.08671875
1 0.95625 0.95703125 0.0828125 0.08359375
1 0.34296875 0.73984375 0.1046875 0.13671875
0 0.31171875 0.60859375 0.06953125 0.0640625
1 0.6515625 0.646875 0.090625 0.10703125
1 0.49453125 0.475 0.04140625 0.0625
0 0.428125 0.440625 0.04453125 0.05859375
0 0.38515625 0.3984375 0.040625 0.03984375
0 0.38203125 0.3703125 0.0484375 0.03359375
0 0.3703125 0.3515625 0.05 0.03125
0 0.35703125 0.33046875 0.04609375 0.03125
1 0.32734375 0.28359375 0.025 0.0375
0 0.30703125 0.2890625 0.028125 0.021875
0 0.30703125 0.275 0.03203125 0.021875