1 0.76953125 0.79140625 0.07578125 0.12578125
1 0.5265625 0.50625 0.06640625 0.0859375
1 0.41953125 0.39140625 0.0515625 0.05703125
1 0.8640625 0.91796875 0.0828125 0.1359375
0 0.65625 0.66953125 0.08046875 0.12109375
1 0.60703125 0.590625 0.06328125 0.08828125
1 0.3234375 0.76015625 0.11953125 0.1609375
1 0.46875 0.44453125 0.05625 0.0640625
1 0.37109375 0.33125 0.04375 0.046875
1 0.3265625 0.26796875 0.03359375 0.03828125
0 0.9515625 0.95703125 0.09375 0.08359375
1 0.28515625 0.640625 0.08359375 0.096875
0 0.5625 0.56484375 0.0578125 0.090625
0 0.29140625 0.56953125 0.0796875 0.0765625
0 0.39296875 0.35625 0.03671875 0.053125
1 0.2578125 0.5296875 0.06953125 0.0796875
0 0.71015625 0.75078125 0.084375 0.13515625
1 0.35859375 0.8671875 0.12578125 0.1453125
1 0.3109375 0.66015625 0.0984375 0.0796875
1 0.4953125 0.478125 0.04609375 0.06015625
0 0.4390625 0.42734375 0.04453125 0.05390625
1 0.34921875 0.29921875 0.05234375 0.03359375
0 0.340625 0.3328125 0.028125 0.0515625
0 0.31640625 0.30234375 0.0203125 0.03671875
1 0.30703125 0.2546875 0.02421875 0.0359375