1 0.69375 0.64140625 0.1296875 0.13359375
0 0.803125 0.6703125 0.078125 0.05546875
0 0.77578125 0.63515625 0.0609375 0.06484375
0 0.596875 0.671875 0.05859375 0.06171875
0 0.58984375 0.6328125 0.08828125 0.0390625
0 0.55390625 0.60390625 0.07421875 0.046875
0 0.53046875 0.58359375 0.0640625 0.03515625
0 0.51875 0.5578125 0.08125 0.02421875
0 0.671875 0.58359375 0.06015625 0.02734375
0 0.634375 0.56640625 0.05859375 0.0234375
0 0.6046875 0.55078125 0.05703125 0.02578125
0 0.584375 0.5328125 0.0609375 0.02109375
0 0.925 0.5671875 0.0703125 0.03828125
0 0.88515625 0.54609375 0.06328125 0.02578125
0 0.8421875 0.5296875 0.053125 0.0265625
0 0.81484375 0.51953125 0.05703125 0.0203125
0 0.97109375 0.55078125 0.0359375 0.03046875
0 0.94609375 0.53359375 0.0546875 0.028125
0 0.90859375 0.521875 0.05546875 0.03359375