1 0.76953125 0.79140625 0.07578125 0.128125
1 0.60703125 0.590625 0.06328125 0.08828125
1 0.5265625 0.50625 0.06640625 0.0859375
1 0.8640625 0.91796875 0.08203125 0.1359375
1 0.3234375 0.7609375 0.1203125 0.16171875
1 0.41953125 0.39140625 0.05234375 0.05703125
1 0.46875 0.44453125 0.05546875 0.06171875
1 0.2828125 0.6421875 0.08515625 0.0953125
1 0.37109375 0.33125 0.04375 0.046875
0 0.71171875 0.73046875 0.08203125 0.1390625
0 0.56328125 0.56328125 0.05625 0.08828125
1 0.33125 0.28203125 0.03671875 0.03671875
1 0.96015625 0.95859375 0.0765625 0.08125
1 0.27109375 0.565625 0.07578125 0.08515625
0 0.4359375 0.43359375 0.0359375 0.05078125
1 0.35546875 0.88515625 0.12734375 0.178125
1 0.31015625 0.6609375 0.103125 0.09296875
1 0.64765625 0.64921875 0.06640625 0.09921875
1 0.4921875 0.47890625 0.03671875 0.0640625
1 0.39453125 0.37109375 0.03515625 0.046875
0 0.36953125 0.37578125 0.0390625 0.046875
0 0.3375 0.33671875 0.028125 0.0375
1 0.3484375 0.3015625 0.04375 0.0390625
1 0.31953125 0.26640625 0.02109375 0.04375
0 0.2984375 0.27890625 0.0234375 0.02265625