1 0.7125 0.7171875 0.08203125 0.1359375
1 0.86796875 0.9 0.10078125 0.1796875
1 0.36328125 0.86953125 0.11953125 0.20390625
1 0.78046875 0.7921875 0.07421875 0.1234375
1 0.6078125 0.59296875 0.06484375 0.090625
1 0.3328125 0.7734375 0.1125 0.165625
1 0.65078125 0.6484375 0.07578125 0.11015625
1 0.30234375 0.70234375 0.09921875 0.13046875
1 0.5625 0.55546875 0.06640625 0.08125
1 0.40546875 0.3640625 0.05390625 0.06171875
1 0.525 0.50625 0.07265625 0.08671875
1 0.42890625 0.38984375 0.05390625 0.05390625
1 0.27578125 0.64921875 0.08671875 0.11015625
1 0.37109375 0.32578125 0.05546875 0.05625
1 0.4953125 0.47109375 0.04609375 0.0609375
1 0.96015625 0.959375 0.0796875 0.078125
0 0.4765625 0.45 0.04140625 0.05234375
0 0.45546875 0.42734375 0.03984375 0.04921875
0 0.37890625 0.35 0.03671875 0.05546875
0 0.34765625 0.3078125 0.02265625 0.03828125
0 0.33828125 0.29609375 0.02265625 0.0328125
0 0.325 0.28359375 0.021875 0.02890625
0 0.31015625 0.2671875 0.02421875 0.03359375
1 0.27578125 0.56015625 0.06171875 0.07109375