0 0.965625 0.965625 0.06875 0.06875
0 0.9109375 0.9671875 0.084375 0.065625
0 0.85078125 0.965625 0.08125 0.06875
0 0.78828125 0.95390625 0.07265625 0.0703125
0 0.73359375 0.95390625 0.075 0.0640625
0 0.66796875 0.946875 0.06640625 0.071875
0 0.60859375 0.94765625 0.0609375 0.0734375
0 0.54921875 0.94296875 0.05390625 0.0703125
0 0.9625 0.90390625 0.075 0.06015625
0 0.90703125 0.903125 0.08203125 0.0734375
0 0.85 0.9015625 0.08125 0.06171875
0 0.79375 0.890625 0.0671875 0.0703125
0 0.734375 0.8875 0.07265625 0.06328125
1 0.68046875 0.85078125 0.06484375 0.11640625
0 0.61875 0.87578125 0.06640625 0.07421875
0 0.56640625 0.87265625 0.05625 0.0671875
0 0.9390625 0.79296875 0.053125 0.0484375
0 0.88984375 0.7921875 0.06015625 0.0578125
0 0.8359375 0.79140625 0.0671875 0.04609375
0 0.78984375 0.78984375 0.065625 0.028125
0 0.74375 0.7859375 0.0515625 0.034375
0 0.69375 0.78125 0.0546875 0.0328125
0 0.64140625 0.7765625 0.04765625 0.04921875
0 0.59765625 0.77109375 0.0484375 0.05
0 0.9265625 0.7484375 0.05546875 0.0484375
0 0.8828125 0.74296875 0.06171875 0.06015625
0 0.83671875 0.7421875 0.059375 0.05859375
0 0.790625 0.74140625 0.05703125 0.04609375
0 0.74453125 0.74765625 0.06015625 0.03984375
0 0.69765625 0.73984375 0.0578125 0.046875
0 0.65 0.73671875 0.05625 0.03671875
0 0.60859375 0.73046875 0.05 0.04296875
0 0.95703125 0.68203125 0.05625 0.0375
0 0.91953125 0.684375 0.05 0.0359375
0 0.87421875 0.684375 0.05078125 0.046875
0 0.8328125 0.6765625 0.04609375 0.0421875
0 0.7890625 0.67734375 0.053125 0.03515625
0 0.75 0.67265625 0.05390625 0.03515625
0 0.7078125 0.6734375 0.0515625 0.04375
0 0.6671875 0.6671875 0.05703125 0.0453125
1 0.62890625 0.64453125 0.0453125 0.0671875