1 0.86328125 0.8953125 0.0984375 0.18125
1 0.71640625 0.7171875 0.07734375 0.11953125
1 0.36640625 0.8640625 0.11796875 0.196875
1 0.32734375 0.77421875 0.121875 0.16015625
1 0.44765625 0.4171875 0.05078125 0.05859375
1 0.6546875 0.65 0.084375 0.128125
1 0.40546875 0.365625 0.05390625 0.06171875
1 0.55703125 0.553125 0.08203125 0.1046875
1 0.53359375 0.50859375 0.05703125 0.071875
1 0.60546875 0.59140625 0.07421875 0.1015625
0 0.28828125 0.57265625 0.078125 0.10859375
1 0.25703125 0.5265625 0.0640625 0.08203125
0 0.95390625 0.95078125 0.09140625 0.0984375
0 0.790625 0.81328125 0.134375 0.18671875
0 0.5078125 0.47109375 0.04921875 0.06796875
0 0.478125 0.43828125 0.0453125 0.07109375
0 0.42890625 0.384375 0.04140625 0.06171875
0 0.3875 0.33828125 0.034375 0.05
0 0.3734375 0.321875 0.0296875 0.046875
0 0.3578125 0.30390625 0.03046875 0.04296875
0 0.34453125 0.2921875 0.02890625 0.04296875
0 0.33515625 0.2796875 0.02734375 0.0390625
0 0.31796875 0.26796875 0.0265625 0.03828125
0 0.33515625 0.67421875 0.0953125 0.08984375
0 0.31015625 0.6265625 0.084375 0.0984375