1 0.71640625 0.71796875 0.078125 0.1203125
1 0.446875 0.41796875 0.0515625 0.05859375
1 0.53359375 0.5109375 0.05859375 0.07578125
0 0.41484375 0.3875 0.04375 0.06171875
1 0.40546875 0.365625 0.0546875 0.0640625
1 0.25546875 0.52265625 0.06796875 0.09375
0 0.94765625 0.95703125 0.08359375 0.08515625
0 0.86484375 0.90546875 0.1234375 0.18125
0 0.77734375 0.81953125 0.10078125 0.18125
0 0.659375 0.67890625 0.08515625 0.11015625
0 0.6078125 0.61875 0.07734375 0.1
0 0.56484375 0.5734375 0.0671875 0.09453125
0 0.4921875 0.49375 0.04765625 0.05546875
0 0.46796875 0.45390625 0.0515625 0.0609375
0 0.37890625 0.34609375 0.02890625 0.03671875
0 0.36484375 0.3265625 0.0265625 0.0359375
0 0.35078125 0.3125 0.025 0.03515625
0 0.33828125 0.29609375 0.025 0.0390625
0 0.325 0.2828125 0.0296875 0.03671875
0 0.3078125 0.26875 0.0234375 0.03203125
0 0.40078125 0.85234375 0.1140625 0.17890625
0 0.365625 0.759375 0.10625 0.15234375
0 0.33515625 0.6875 0.08203125 0.115625
0 0.30859375 0.6296875 0.075 0.11171875
0 0.28828125 0.58046875 0.07734375 0.09765625