1 0.71640625 0.71796875 0.078125 0.1203125
1 0.86328125 0.8953125 0.09765625 0.18125
1 0.60625 0.59296875 0.07421875 0.10625
1 0.365625 0.8640625 0.11796875 0.196875
1 0.32734375 0.77421875 0.12109375 0.16015625
1 0.53359375 0.5109375 0.05859375 0.075
1 0.44765625 0.41796875 0.05078125 0.05625
1 0.40546875 0.365625 0.05390625 0.06171875
1 0.25625 0.52890625 0.06484375 0.0859375
0 0.9515625 0.95703125 0.096875 0.08515625
0 0.7875 0.828125 0.1171875 0.16953125
0 0.6546875 0.68671875 0.096875 0.14765625
0 0.56015625 0.57421875 0.06640625 0.10703125
0 0.48359375 0.51171875 0.05390625 0.0796875
0 0.4671875 0.47109375 0.0515625 0.06796875
0 0.40625 0.41640625 0.040625 0.05859375
0 0.36875 0.35 0.04921875 0.04140625
0 0.35546875 0.33359375 0.05078125 0.03203125
0 0.34375 0.31640625 0.046875 0.0328125
0 0.3328125 0.29921875 0.04375 0.0296875
0 0.32109375 0.2859375 0.04140625 0.02265625
0 0.309375 0.27265625 0.03984375 0.02421875
0 0.321875 0.68203125 0.11015625 0.059375
0 0.31640625 0.62421875 0.08203125 0.08828125
0 0.29296875 0.57109375 0.08203125 0.08515625