1 0.365625 0.8640625 0.11796875 0.19921875
1 0.60625 0.59375 0.07421875 0.10703125
1 0.71640625 0.71796875 0.078125 0.1203125
0 0.4640625 0.46484375 0.06328125 0.06328125
1 0.44765625 0.41796875 0.05078125 0.05546875
1 0.3265625 0.77421875 0.1234375 0.1609375
1 0.8609375 0.89453125 0.10390625 0.18046875
1 0.25625 0.52421875 0.06640625 0.08828125
0 0.55546875 0.58125 0.06640625 0.0828125
1 0.53359375 0.51015625 0.05859375 0.07578125
0 0.41171875 0.4109375 0.0453125 0.06796875
1 0.40546875 0.365625 0.0546875 0.06328125
0 0.95 0.96015625 0.1 0.0796875
0 0.77109375 0.8140625 0.10859375 0.15234375
0 0.64375 0.67890625 0.09609375 0.12421875
0 0.4890625 0.50703125 0.0609375 0.07734375
0 0.3734375 0.378125 0.0328125 0.04375
0 0.36796875 0.346875 0.04609375 0.03203125
0 0.3515625 0.33515625 0.0375 0.02734375
0 0.340625 0.31953125 0.034375 0.03203125
0 0.3296875 0.30234375 0.03515625 0.025
0 0.3203125 0.28671875 0.0375 0.02578125
0 0.3078125 0.27265625 0.03359375 0.01953125
0 0.3171875 0.68515625 0.10546875 0.0953125
0 0.30859375 0.61875 0.09140625 0.071875
0 0.29375 0.57109375 0.0765625 0.084375