1 0.76953125 0.79140625 0.07578125 0.12578125
1 0.6078125 0.5890625 0.0640625 0.08671875
1 0.5265625 0.50625 0.06640625 0.0859375
1 0.8640625 0.91796875 0.08203125 0.134375
1 0.41953125 0.39140625 0.0515625 0.05703125
1 0.46875 0.44453125 0.05546875 0.06171875
1 0.3234375 0.75625 0.11953125 0.16796875
1 0.34921875 0.29921875 0.04453125 0.03984375
1 0.28203125 0.57109375 0.08984375 0.10546875
0 0.56328125 0.56171875 0.05703125 0.09296875
0 0.71171875 0.73203125 0.08359375 0.13671875
1 0.9609375 0.95859375 0.075 0.08046875
0 0.38671875 0.396875 0.03203125 0.0453125
0 0.39453125 0.3609375 0.0328125 0.0453125
1 0.653125 0.64609375 0.0703125 0.11796875
1 0.3609375 0.86953125 0.12578125 0.1359375
1 0.32109375 0.6640625 0.09453125 0.0953125
0 0.31171875 0.609375 0.08515625 0.07109375
1 0.4953125 0.47109375 0.03359375 0.05234375
0 0.428125 0.4359375 0.04140625 0.0671875
0 0.37734375 0.34375 0.03359375 0.0265625
0 0.36328125 0.32421875 0.03515625 0.02578125
1 0.33125 0.28125 0.03203125 0.0296875
1 0.32421875 0.2625 0.028125 0.03828125
0 0.29765625 0.278125 0.025 0.03125