1 0.6859375 0.49609375 0.12109375 0.1515625
1 0.50078125 0.4234375 0.10625 0.13125
1 0.3609375 0.26015625 0.06953125 0.0609375
1 0.2390625 0.4890625 0.09921875 0.15546875
0 0.80625 0.60703125 0.18203125 0.18515625
1 0.30625 0.73359375 0.16796875 0.22109375
0 0.93046875 0.74609375 0.13828125 0.30234375
1 0.6015625 0.43984375 0.07421875 0.15390625
1 0.51171875 0.3390625 0.11328125 0.1046875
0 0.41953125 0.38984375 0.05703125 0.04921875
0 0.41640625 0.35546875 0.0671875 0.04765625
0 0.3953125 0.3296875 0.08046875 0.021875
0 0.38671875 0.31328125 0.08203125 0.02421875
0 0.365625 0.29609375 0.075 0.01484375
0 0.2609375 0.59296875 0.1203125 0.11328125