0 0.96640625 0.9640625 0.06640625 0.071875
0 0.90546875 0.9609375 0.0703125 0.0734375
0 0.85390625 0.96484375 0.06640625 0.0703125
0 0.78515625 0.9609375 0.06484375 0.06640625
0 0.728125 0.9609375 0.07109375 0.078125
0 0.67578125 0.96015625 0.04921875 0.0796875
0 0.6078125 0.9421875 0.046875 0.059375
0 0.553125 0.9359375 0.05 0.06171875
0 0.9640625 0.90390625 0.071875 0.06328125
0 0.90703125 0.9015625 0.0734375 0.0625
0 0.85234375 0.90390625 0.0640625 0.0703125
0 0.79296875 0.89765625 0.06796875 0.0625
0 0.734375 0.8890625 0.0578125 0.05546875
1 0.6765625 0.846875 0.06171875 0.1234375
0 0.6203125 0.8796875 0.0546875 0.05625
0 0.56484375 0.8703125 0.0484375 0.05625
0 0.93515625 0.7953125 0.04765625 0.0453125
1 0.89296875 0.7640625 0.0484375 0.084375
0 0.83828125 0.78671875 0.05859375 0.03984375
0 0.790625 0.78671875 0.0515625 0.03671875
0 0.740625 0.7828125 0.0484375 0.03984375
0 0.69296875 0.77421875 0.05 0.04140625
0 0.6015625 0.76640625 0.03046875 0.04296875
0 0.64296875 0.7703125 0.03984375 0.03984375
0 0.9359375 0.75078125 0.0359375 0.05
0 0.83515625 0.746875 0.0484375 0.04296875
0 0.790625 0.75078125 0.05078125 0.0390625
0 0.74375 0.7453125 0.04609375 0.03125
0 0.6953125 0.7390625 0.0515625 0.03671875
0 0.61015625 0.728125 0.03671875 0.03046875
0 0.65234375 0.73125 0.04609375 0.0296875
0 0.87421875 0.6734375 0.0421875 0.03984375
0 0.91640625 0.6796875 0.04140625 0.03671875
0 0.95703125 0.68515625 0.0453125 0.0296875
0 0.75234375 0.67421875 0.04140625 0.0234375
0 0.79296875 0.67734375 0.03984375 0.02890625
0 0.82890625 0.675 0.0515625 0.03046875
0 0.70859375 0.671875 0.046875 0.025
1 0.625 0.64375 0.0359375 0.05703125
0 0.665625 0.66484375 0.04453125 0.025