1 0.76953125 0.79140625 0.0765625 0.12578125
1 0.6078125 0.590625 0.0640625 0.08828125
1 0.5265625 0.50625 0.06640625 0.084375
1 0.8640625 0.91796875 0.08203125 0.134375
1 0.41953125 0.39140625 0.05234375 0.05703125
1 0.32421875 0.76015625 0.11875 0.1609375
1 0.46875 0.44453125 0.05546875 0.0640625
1 0.3484375 0.29921875 0.04296875 0.03984375
1 0.2828125 0.6421875 0.08515625 0.0953125
0 0.70546875 0.73671875 0.09453125 0.128125
0 0.5609375 0.56640625 0.06015625 0.09296875
0 0.43515625 0.43515625 0.03984375 0.0515625
1 0.9625 0.959375 0.07109375 0.07890625
1 0.2546875 0.5140625 0.07109375 0.0515625
1 0.31796875 0.27109375 0.01875 0.02421875
1 0.65625 0.64765625 0.0640625 0.07578125
1 0.3578125 0.875 0.11015625 0.153125
1 0.31875 0.65390625 0.0703125 0.08125
1 0.28203125 0.5453125 0.0734375 0.109375
1 0.4953125 0.47421875 0.0453125 0.0734375
0 0.37890625 0.3703125 0.04453125 0.03203125
0 0.38359375 0.39765625 0.025 0.03359375
0 0.37421875 0.34765625 0.04296875 0.0203125
0 0.3578125 0.32890625 0.04765625 0.02890625
1 0.33046875 0.2796875 0.03125 0.03125
0 0.3015625 0.27265625 0.02578125 0.02578125