1 0.96484375 0.95703125 0.06953125 0.084375
1 0.78359375 0.809375 0.07265625 0.12578125
1 0.8625 0.8921875 0.1 0.1765625
1 0.71171875 0.72578125 0.08671875 0.1390625
1 0.6546875 0.6484375 0.08515625 0.12421875
1 0.60625 0.590625 0.0734375 0.1
1 0.28671875 0.634375 0.08671875 0.103125
1 0.47109375 0.44375 0.05546875 0.06328125
1 0.4921875 0.4859375 0.05625 0.06796875
1 0.56015625 0.55390625 0.07734375 0.1171875
1 0.525 0.49609375 0.05234375 0.09609375
1 0.4421875 0.4171875 0.04765625 0.06171875
1 0.4109375 0.3890625 0.0515625 0.0625
1 0.39609375 0.36171875 0.0671875 0.071875
1 0.37890625 0.33046875 0.05 0.05078125
1 0.35859375 0.31015625 0.0375 0.0453125
0 0.3921875 0.85546875 0.10703125 0.15
0 0.35625 0.77421875 0.09921875 0.13359375
0 0.3296875 0.703125 0.08984375 0.12265625
0 0.29921875 0.56796875 0.06640625 0.08046875
0 0.27578125 0.53671875 0.06015625 0.078125