1 0.7703125 0.79140625 0.0765625 0.128125
1 0.6078125 0.590625 0.0640625 0.08828125
1 0.5265625 0.50625 0.06640625 0.084375
1 0.8640625 0.91953125 0.08203125 0.134375
1 0.41953125 0.39140625 0.0515625 0.05703125
1 0.32421875 0.76015625 0.1171875 0.1609375
1 0.46875 0.44453125 0.05546875 0.0640625
1 0.34921875 0.29921875 0.04453125 0.03984375
0 0.434375 0.43359375 0.04140625 0.05625
1 0.28203125 0.571875 0.09140625 0.10625
0 0.71171875 0.734375 0.08125 0.13125
0 0.5625 0.565625 0.0578125 0.09375
1 0.9578125 0.95703125 0.08046875 0.084375
1 0.6484375 0.6453125 0.071875 0.1296875
1 0.3578125 0.85859375 0.10703125 0.1453125
1 0.31015625 0.68125 0.11171875 0.125
1 0.490625 0.4765625 0.03984375 0.05859375
1 0.33203125 0.28125 0.0359375 0.03125
1 0.32421875 0.26015625 0.03359375 0.03359375
0 0.39296875 0.3640625 0.034375 0.0484375
0 0.37890625 0.33984375 0.0296875 0.04453125
0 0.36328125 0.325 0.028125 0.046875
0 0.3 0.27734375 0.02578125 0.0265625
0 0.3078125 0.60625 0.0953125 0.0765625