1 0.4640625 0.44765625 0.0578125 0.0546875
1 0.5296875 0.50390625 0.06484375 0.0734375
1 0.6078125 0.5984375 0.06015625 0.0796875
1 0.32578125 0.790625 0.11796875 0.14375
1 0.42109375 0.38984375 0.05546875 0.05
1 0.28046875 0.640625 0.09140625 0.1140625
1 0.3359375 0.28046875 0.03671875 0.040625
0 0.8625 0.9234375 0.12890625 0.1515625
0 0.6515625 0.67109375 0.08671875 0.12578125
0 0.56015625 0.5734375 0.07109375 0.1
0 0.36015625 0.325 0.03125 0.0359375
0 0.35390625 0.30625 0.03125 0.04375
0 0.390625 0.36484375 0.03671875 0.04296875
0 0.38203125 0.340625 0.02890625 0.04140625
0 0.49375 0.48828125 0.04453125 0.0640625
0 0.9515625 0.9546875 0.096875 0.090625
0 0.7734375 0.83203125 0.096875 0.1375
0 0.69921875 0.75859375 0.1 0.11328125
1 0.3875 0.84453125 0.0984375 0.14375
1 0.3125 0.67109375 0.07109375 0.109375
1 0.29453125 0.553125 0.07265625 0.0875
1 0.4328125 0.41796875 0.03203125 0.05234375
1 0.31328125 0.27421875 0.02265625 0.03671875
1 0.303125 0.25390625 0.02890625 0.03046875