1 0.6078125 0.5890625 0.06328125 0.08671875
1 0.76953125 0.79140625 0.0765625 0.12578125
1 0.5265625 0.50625 0.06640625 0.0859375
1 0.3046875 0.690625 0.10078125 0.13046875
1 0.41953125 0.39140625 0.0515625 0.05703125
1 0.8640625 0.91875 0.08203125 0.13515625
1 0.46875 0.44453125 0.05546875 0.0640625
0 0.3078125 0.60546875 0.10234375 0.1
1 0.28203125 0.56953125 0.08984375 0.1046875
1 0.353125 0.88671875 0.10859375 0.178125
1 0.3484375 0.29921875 0.04296875 0.03984375
0 0.5640625 0.56171875 0.05703125 0.08515625
0 0.7125 0.73203125 0.08046875 0.12578125
1 0.959375 0.95859375 0.07734375 0.08125
0 0.4375 0.43203125 0.03515625 0.05390625
1 0.34140625 0.7484375 0.1078125 0.15859375
1 0.64609375 0.65 0.06328125 0.103125
1 0.4953125 0.4765625 0.0453125 0.0703125
0 0.384375 0.39765625 0.03203125 0.04296875
0 0.37734375 0.37265625 0.04609375 0.03359375
0 0.37109375 0.34609375 0.0421875 0.02890625
0 0.36171875 0.328125 0.0421875 0.02734375
1 0.328125 0.2828125 0.028125 0.03359375
0 0.30625 0.29140625 0.02578125 0.0234375
0 0.3046875 0.275 0.03984375 0.021875