1 0.7703125 0.79140625 0.0765625 0.12578125
1 0.6078125 0.590625 0.06328125 0.0859375
1 0.70390625 0.7234375 0.07578125 0.10703125
1 0.8640625 0.91796875 0.08203125 0.134375
1 0.5265625 0.50390625 0.0671875 0.08203125
1 0.3234375 0.76015625 0.11953125 0.1609375
1 0.2828125 0.6421875 0.08515625 0.0953125
1 0.46875 0.44453125 0.05625 0.06171875
1 0.41875 0.390625 0.0515625 0.05859375
1 0.37109375 0.32890625 0.04375 0.046875
1 0.33125 0.28046875 0.0375 0.0390625
1 0.26953125 0.56640625 0.1015625 0.08515625
1 0.25625 0.51640625 0.06953125 0.05703125
1 0.96328125 0.96015625 0.0703125 0.078125
0 0.43671875 0.43203125 0.03671875 0.0515625
1 0.653125 0.64140625 0.06796875 0.11171875
1 0.36640625 0.8859375 0.12421875 0.171875
1 0.31640625 0.67265625 0.10546875 0.090625
1 0.56484375 0.5578125 0.0609375 0.09765625
0 0.49453125 0.4765625 0.0515625 0.06484375
1 0.39921875 0.3703125 0.04140625 0.046875
0 0.371875 0.36796875 0.03203125 0.0453125
0 0.3421875 0.33515625 0.0265625 0.03984375
1 0.35 0.2984375 0.04296875 0.0375
1 0.32421875 0.2625 0.0296875 0.04296875
0 0.29765625 0.275 0.0265625 0.021875