0 0.96875 0.96796875 0.0625 0.06171875
0 0.91015625 0.965625 0.0734375 0.06875
0 0.846875 0.96171875 0.06953125 0.06953125
0 0.7875 0.9578125 0.07265625 0.071875
0 0.728125 0.95703125 0.06796875 0.06953125
0 0.66875 0.9515625 0.05234375 0.07734375
0 0.61015625 0.94765625 0.06875 0.0765625
0 0.5515625 0.9375 0.05859375 0.0671875
0 0.96171875 0.9109375 0.06640625 0.0578125
0 0.9046875 0.90859375 0.071875 0.05703125
0 0.84609375 0.89921875 0.06484375 0.05234375
0 0.79140625 0.89765625 0.0703125 0.06015625
0 0.73671875 0.890625 0.0625 0.06171875
1 0.678125 0.85546875 0.05390625 0.11328125
0 0.6203125 0.88125 0.059375 0.05234375
0 0.5640625 0.8734375 0.06875 0.059375
0 0.934375 0.79296875 0.0609375 0.0578125
0 0.88671875 0.79296875 0.06171875 0.04609375
0 0.83828125 0.78984375 0.05703125 0.0453125
0 0.790625 0.7875 0.05703125 0.04453125
0 0.73828125 0.77890625 0.05859375 0.03984375
0 0.690625 0.7765625 0.05859375 0.04296875
0 0.64140625 0.771875 0.0578125 0.03984375
0 0.59453125 0.7703125 0.04609375 0.0375
0 0.92890625 0.75390625 0.05859375 0.04375
0 0.88203125 0.75390625 0.059375 0.0359375
0 0.8359375 0.7515625 0.05703125 0.03359375
0 0.790625 0.75 0.05703125 0.03359375
0 0.74375 0.74609375 0.05703125 0.03984375
0 0.6921875 0.7390625 0.06171875 0.03984375
0 0.6515625 0.73359375 0.0515625 0.03828125
0 0.60546875 0.728125 0.04921875 0.02890625
0 0.95703125 0.6859375 0.05 0.02890625
0 0.91640625 0.68515625 0.0515625 0.03046875
0 0.875 0.68046875 0.04921875 0.03359375
0 0.83046875 0.68046875 0.0578125 0.03125
0 0.79140625 0.678125 0.04921875 0.03203125
0 0.75 0.67265625 0.0421875 0.0328125
0 0.70703125 0.67265625 0.04765625 0.028125
0 0.665625 0.67109375 0.046875 0.02890625
1 0.625 0.6390625 0.03828125 0.0609375