1 0.76953125 0.79140625 0.07578125 0.12578125
1 0.6078125 0.5890625 0.0640625 0.08671875
1 0.5265625 0.50625 0.06640625 0.0859375
1 0.8640625 0.91796875 0.08203125 0.134375
1 0.41953125 0.39140625 0.05078125 0.05546875
1 0.3234375 0.76015625 0.11796875 0.1609375
1 0.46796875 0.44453125 0.05625 0.0640625
1 0.34921875 0.29921875 0.04453125 0.03984375
1 0.2828125 0.640625 0.08515625 0.09375
0 0.5609375 0.56640625 0.06015625 0.09296875
1 0.95703125 0.95859375 0.08125 0.08125
0 0.70703125 0.74609375 0.08828125 0.140625
1 0.646875 0.64453125 0.06640625 0.1109375
1 0.35703125 0.87109375 0.14296875 0.12734375
1 0.31484375 0.66328125 0.0984375 0.06640625
1 0.28828125 0.559375 0.0890625 0.08125
1 0.49609375 0.47265625 0.0359375 0.0734375
0 0.434375 0.42890625 0.0375 0.0625
0 0.3875 0.39921875 0.02578125 0.05390625
0 0.38671875 0.36640625 0.046875 0.03203125
0 0.375 0.35 0.04609375 0.028125
0 0.359375 0.328125 0.03828125 0.0234375
1 0.33203125 0.28046875 0.03203125 0.03046875
1 0.32265625 0.2640625 0.025 0.02890625
0 0.29921875 0.278125 0.0234375 0.025