1 0.6234375 0.69453125 0.08203125 0.12109375
1 0.8703125 0.89296875 0.0984375 0.18046875
1 0.32421875 0.78203125 0.10859375 0.15546875
1 0.7125 0.7171875 0.08203125 0.1359375
1 0.36328125 0.86875 0.11953125 0.20390625
1 0.60859375 0.5921875 0.06484375 0.08828125
1 0.78125 0.7921875 0.07421875 0.125
1 0.40546875 0.3640625 0.05390625 0.06171875
1 0.27578125 0.65 0.0875 0.1109375
1 0.53359375 0.5109375 0.05859375 0.075
1 0.42734375 0.390625 0.05078125 0.05703125
1 0.496875 0.47265625 0.05234375 0.06171875
1 0.965625 0.9640625 0.06875 0.071875
1 0.27109375 0.5671875 0.08984375 0.06640625
0 0.57265625 0.57734375 0.07578125 0.10390625
0 0.471875 0.45703125 0.03984375 0.059375
0 0.44921875 0.42890625 0.040625 0.0640625
0 0.38125 0.3390625 0.03125 0.046875
0 0.3671875 0.3203125 0.0296875 0.046875
0 0.3546875 0.30859375 0.0296875 0.04453125
0 0.33984375 0.2921875 0.03203125 0.0453125
0 0.328125 0.27265625 0.03203125 0.0453125
0 0.31328125 0.26328125 0.02734375 0.0421875
0 0.31015625 0.6828125 0.09453125 0.09140625