1 0.86015625 0.89296875 0.1046875 0.17890625
1 0.78359375 0.809375 0.07265625 0.12578125
1 0.96484375 0.95703125 0.06953125 0.084375
1 0.28828125 0.634375 0.08359375 0.1
1 0.7125 0.72578125 0.08671875 0.1390625
1 0.60546875 0.59140625 0.07421875 0.10078125
1 0.6546875 0.64921875 0.08515625 0.1265625
1 0.5625 0.54453125 0.07890625 0.1015625
1 0.49296875 0.534375 0.07421875 0.084375
1 0.475 0.440625 0.05546875 0.06328125
1 0.5 0.4765625 0.0640625 0.06328125
1 0.44921875 0.40859375 0.04609375 0.0515625
1 0.425 0.38203125 0.05546875 0.05859375
1 0.3921875 0.36328125 0.05703125 0.0609375
1 0.378125 0.33125 0.053125 0.05546875
1 0.35625 0.309375 0.0390625 0.04765625
0 0.409375 0.8390625 0.1140625 0.17265625
0 0.37265625 0.75234375 0.084375 0.125
0 0.328125 0.678125 0.08046875 0.11015625
0 0.278125 0.54765625 0.0609375 0.0921875