1 0.6078125 0.5984375 0.06015625 0.078125
1 0.5296875 0.50390625 0.06484375 0.0734375
1 0.46328125 0.44765625 0.0578125 0.053125
1 0.32578125 0.790625 0.11796875 0.14375
1 0.28125 0.640625 0.0921875 0.115625
0 0.95 0.95859375 0.0953125 0.08125
1 0.3359375 0.27890625 0.03671875 0.04140625
0 0.8609375 0.92578125 0.12421875 0.14609375
0 0.65078125 0.67265625 0.0875 0.12109375
0 0.56171875 0.56875 0.06875 0.0984375
0 0.403125 0.3859375 0.0546875 0.04140625
0 0.346875 0.33125 0.0390625 0.03515625
0 0.48671875 0.49140625 0.05546875 0.06484375
0 0.7734375 0.82421875 0.11015625 0.16953125
0 0.3703125 0.34453125 0.0453125 0.034375
0 0.71015625 0.75390625 0.09140625 0.121875
1 0.3875 0.8421875 0.10234375 0.12890625
1 0.30859375 0.6765625 0.0734375 0.08515625
1 0.29296875 0.546875 0.07109375 0.0890625
1 0.434375 0.41953125 0.0390625 0.04609375
0 0.384375 0.36796875 0.0375 0.03671875
0 0.33984375 0.31484375 0.03359375 0.0265625
1 0.3140625 0.27109375 0.0203125 0.0390625
1 0.30859375 0.2546875 0.03046875 0.03828125