1 0.8609375 0.89296875 0.103125 0.17890625
1 0.78359375 0.803125 0.07265625 0.115625
1 0.96484375 0.95703125 0.06953125 0.08359375
1 0.71171875 0.72578125 0.08671875 0.1390625
1 0.60625 0.590625 0.07421875 0.1
1 0.6546875 0.64921875 0.08515625 0.12578125
1 0.5625 0.54453125 0.07890625 0.10390625
1 0.475 0.440625 0.05546875 0.06328125
1 0.49609375 0.478125 0.05703125 0.06484375
1 0.53203125 0.5015625 0.06171875 0.078125
1 0.446875 0.415625 0.0515625 0.0609375
1 0.421875 0.39140625 0.05546875 0.06328125
1 0.39296875 0.36953125 0.05078125 0.0625
1 0.37734375 0.3328125 0.04296875 0.0453125
1 0.3546875 0.31171875 0.0328125 0.0453125
0 0.4046875 0.834375 0.11171875 0.17109375
0 0.36015625 0.75546875 0.1 0.1265625
0 0.33828125 0.69140625 0.0796875 0.109375
1 0.29296875 0.63203125 0.0953125 0.09765625
1 0.275 0.56328125 0.08828125 0.08359375