1 0.6859375 0.4984375 0.12109375 0.1515625
0 0.36796875 0.3234375 0.05390625 0.03984375
0 0.3484375 0.30078125 0.046875 0.03125
1 0.3609375 0.259375 0.06953125 0.0609375
1 0.55859375 0.38671875 0.10390625 0.1109375
1 0.23984375 0.48828125 0.09921875 0.1546875
0 0.80703125 0.60625 0.18515625 0.1859375
0 0.93984375 0.7125 0.11953125 0.26953125
1 0.60234375 0.4421875 0.06796875 0.14375
1 0.49453125 0.35546875 0.0640625 0.11484375
1 0.3109375 0.796875 0.2546875 0.36875
0 0.26015625 0.6078125 0.1453125 0.17109375
0 0.41171875 0.35625 0.065625 0.05703125
0 0.390625 0.33671875 0.065625 0.0375