1 0.8625 0.8921875 0.10078125 0.1765625
1 0.78359375 0.80859375 0.07265625 0.125
1 0.38984375 0.803125 0.1359375 0.18515625
1 0.96484375 0.95703125 0.06953125 0.08359375
1 0.71171875 0.72578125 0.08828125 0.13828125
1 0.60546875 0.590625 0.07421875 0.09921875
1 0.6546875 0.64921875 0.08515625 0.1265625
1 0.55078125 0.55859375 0.07109375 0.1015625
1 0.53046875 0.5046875 0.0609375 0.06875
1 0.49453125 0.4796875 0.0515625 0.071875
1 0.47421875 0.4453125 0.05859375 0.0609375
1 0.44765625 0.4125 0.0453125 0.0546875
1 0.41640625 0.3875 0.05078125 0.06171875
1 0.3875 0.3671875 0.0484375 0.06484375
1 0.3765625 0.32734375 0.04140625 0.04140625
1 0.35546875 0.3109375 0.03828125 0.0375
1 0.3421875 0.71796875 0.1171875 0.11328125
1 0.32109375 0.65390625 0.115625 0.09140625
1 0.29375 0.59765625 0.0875 0.065625
1 0.28203125 0.54453125 0.071875 0.06640625