1 0.60703125 0.590625 0.06328125 0.0859375
1 0.8640625 0.91796875 0.08203125 0.1359375
1 0.70390625 0.7234375 0.07421875 0.10703125
1 0.7703125 0.79140625 0.0765625 0.12578125
1 0.5265625 0.50390625 0.06640625 0.08203125
1 0.2828125 0.64140625 0.0859375 0.09453125
1 0.3234375 0.76015625 0.11953125 0.1609375
1 0.37109375 0.32890625 0.04296875 0.046875
1 0.41953125 0.39140625 0.05234375 0.05703125
1 0.46875 0.44453125 0.05625 0.06171875
1 0.33125 0.28203125 0.03828125 0.0390625
1 0.95703125 0.95625 0.08046875 0.0859375
0 0.43671875 0.43203125 0.03515625 0.05
1 0.64453125 0.6484375 0.059375 0.1015625
1 0.55546875 0.55625 0.0640625 0.0953125
1 0.49375 0.47421875 0.0375 0.05078125
1 0.4046875 0.36875 0.053125 0.04609375
0 0.371875 0.3703125 0.03828125 0.05234375
0 0.33984375 0.33515625 0.025 0.0359375
1 0.3484375 0.2984375 0.04453125 0.03828125
1 0.32265625 0.2625 0.0296875 0.03671875
0 0.30234375 0.2734375 0.02421875 0.03671875
1 0.3578125 0.87578125 0.11328125 0.16796875
1 0.31484375 0.66171875 0.09140625 0.08671875
1 0.26953125 0.559375 0.08515625 0.07265625