1 0.8609375 0.89296875 0.10390625 0.178125
1 0.78359375 0.8078125 0.07265625 0.1234375
1 0.96484375 0.95703125 0.06953125 0.08359375
1 0.71171875 0.72578125 0.0875 0.13828125
1 0.65390625 0.64921875 0.08515625 0.1265625
1 0.60546875 0.5921875 0.07421875 0.103125
1 0.28828125 0.63359375 0.08359375 0.1
1 0.5625 0.55 0.08046875 0.11328125
1 0.475 0.44140625 0.05546875 0.0640625
1 0.49609375 0.47734375 0.05546875 0.0640625
1 0.4484375 0.41171875 0.05078125 0.05625
1 0.5328125 0.50234375 0.06328125 0.07890625
1 0.4140625 0.38984375 0.05 0.065625
1 0.3953125 0.3671875 0.0609375 0.0640625
1 0.378125 0.328125 0.0484375 0.05546875
1 0.35546875 0.3109375 0.03828125 0.0453125
1 0.28359375 0.55390625 0.07890625 0.0796875
0 0.4046875 0.84375 0.0984375 0.14609375
0 0.365625 0.7703125 0.0828125 0.13515625
0 0.32265625 0.68984375 0.08046875 0.11953125