1 0.76953125 0.79140625 0.07734375 0.128125
1 0.6078125 0.5890625 0.0640625 0.08671875
1 0.5265625 0.50625 0.06640625 0.0859375
1 0.8640625 0.91796875 0.08203125 0.134375
1 0.41953125 0.39140625 0.0515625 0.05703125
1 0.3046875 0.690625 0.10078125 0.13046875
1 0.46875 0.44453125 0.05546875 0.06171875
1 0.34921875 0.29921875 0.04453125 0.03984375
0 0.30625 0.60625 0.090625 0.0765625
1 0.28203125 0.57109375 0.08984375 0.10390625
1 0.353125 0.8859375 0.1078125 0.1765625
0 0.5625 0.56171875 0.05859375 0.09453125
0 0.71171875 0.73359375 0.08203125 0.1359375
1 0.96015625 0.959375 0.07734375 0.07890625
0 0.384375 0.3984375 0.03203125 0.0453125
0 0.31640625 0.265625 0.0234375 0.03046875
1 0.646875 0.6484375 0.06953125 0.103125
1 0.340625 0.74296875 0.13046875 0.14921875
1 0.48984375 0.48046875 0.03828125 0.06796875
0 0.42890625 0.43671875 0.0375 0.06015625
0 0.37578125 0.37421875 0.0359375 0.04296875
0 0.35625 0.35703125 0.0328125 0.040625
0 0.34296875 0.334375 0.03203125 0.0390625
1 0.32421875 0.284375 0.01953125 0.0375
0 0.30625 0.28828125 0.01953125 0.03203125