1 0.86171875 0.89453125 0.1 0.18125
1 0.78359375 0.80859375 0.07265625 0.12421875
1 0.71171875 0.72578125 0.0875 0.1390625
1 0.2875 0.63515625 0.08515625 0.1015625
1 0.96484375 0.95703125 0.06875 0.08359375
1 0.60625 0.59140625 0.07421875 0.09921875
1 0.6546875 0.65 0.08515625 0.128125
1 0.475 0.44296875 0.05546875 0.06640625
1 0.53203125 0.5015625 0.06171875 0.078125
1 0.49609375 0.478125 0.05546875 0.06328125
1 0.56015625 0.53515625 0.0765625 0.109375
1 0.44921875 0.40859375 0.0421875 0.04296875
1 0.42109375 0.38515625 0.059375 0.0671875
1 0.39609375 0.36171875 0.06328125 0.06015625
1 0.37734375 0.33046875 0.0484375 0.05390625
1 0.3578125 0.3140625 0.04140625 0.0609375
0 0.4109375 0.8359375 0.10390625 0.13828125
0 0.37265625 0.753125 0.090625 0.1140625
0 0.3421875 0.6859375 0.07890625 0.109375
0 0.28359375 0.5421875 0.0578125 0.07109375