0 0.96875 0.9671875 0.0625 0.065625
0 0.91171875 0.965625 0.06875 0.06875
0 0.8515625 0.9640625 0.0734375 0.06875
0 0.78828125 0.96171875 0.071875 0.06875
0 0.72421875 0.9578125 0.07265625 0.06328125
0 0.671875 0.94375 0.06015625 0.06484375
0 0.6140625 0.9421875 0.0609375 0.0765625
0 0.559375 0.9421875 0.05625 0.07734375
0 0.9625 0.9 0.0640625 0.0515625
0 0.90390625 0.8984375 0.06796875 0.04921875
0 0.8421875 0.89375 0.06171875 0.05703125
0 0.7921875 0.89765625 0.06328125 0.0546875
0 0.73671875 0.88359375 0.06484375 0.0671875
1 0.67890625 0.8484375 0.0640625 0.11484375
0 0.6203125 0.87421875 0.0578125 0.0625
0 0.5703125 0.86796875 0.059375 0.065625
0 0.93671875 0.79921875 0.053125 0.03984375
0 0.88515625 0.796875 0.059375 0.0375
0 0.83671875 0.78984375 0.05625 0.03828125
0 0.790625 0.790625 0.053125 0.04609375
0 0.7421875 0.78359375 0.05078125 0.040625
0 0.6921875 0.775 0.04921875 0.0359375
0 0.64375 0.77109375 0.04609375 0.05
0 0.59453125 0.7703125 0.0359375 0.0375
0 0.92734375 0.75234375 0.053125 0.0375
0 0.88359375 0.75390625 0.05078125 0.034375
0 0.83828125 0.7578125 0.05078125 0.0375
0 0.7890625 0.74609375 0.04921875 0.0328125
0 0.74453125 0.73828125 0.0453125 0.0359375
0 0.69921875 0.7453125 0.04609375 0.034375
0 0.60859375 0.72734375 0.04296875 0.03671875
0 0.64765625 0.7359375 0.0359375 0.03515625
0 0.9578125 0.6828125 0.03984375 0.0328125
0 0.9140625 0.684375 0.0453125 0.028125
0 0.878125 0.6828125 0.05546875 0.03203125
0 0.83359375 0.6765625 0.0484375 0.04921875
0 0.70625 0.6734375 0.04609375 0.0390625
0 0.7484375 0.67421875 0.03828125 0.034375
0 0.79140625 0.67734375 0.04765625 0.04453125
1 0.6203125 0.64453125 0.03359375 0.0671875
0 0.6640625 0.66640625 0.04453125 0.0359375