1 0.79375 0.57890625 0.1265625 0.19375
1 0.59921875 0.4234375 0.1390625 0.16875
1 0.38671875 0.28046875 0.075 0.06875
1 0.46171875 0.328125 0.06953125 0.08125
1 0.32265625 0.23671875 0.071875 0.0609375
1 0.9453125 0.76875 0.109375 0.334375
1 0.69453125 0.484375 0.13515625 0.21015625
1 0.53984375 0.38125 0.0796875 0.1
1 0.5046875 0.35234375 0.0796875 0.078125
1 0.425 0.309375 0.05234375 0.06875
1 0.33671875 0.27109375 0.03046875 0.065625
1 0.29921875 0.2234375 0.0390625 0.03046875
1 0.20703125 0.32890625 0.06875 0.0890625
0 0.29921875 0.8046875 0.20234375 0.22890625
0 0.26171875 0.628125 0.165625 0.16015625
0 0.2359375 0.49921875 0.11796875 0.096875
0 0.2265625 0.41796875 0.10703125 0.0703125