1 0.76953125 0.79140625 0.07578125 0.128125
1 0.5265625 0.50625 0.06640625 0.0859375
1 0.41953125 0.39140625 0.0515625 0.05703125
1 0.8640625 0.91796875 0.08203125 0.1359375
1 0.60703125 0.58984375 0.06328125 0.0890625
1 0.32421875 0.76015625 0.11875 0.1609375
1 0.46796875 0.44453125 0.05625 0.0640625
1 0.37109375 0.33046875 0.04375 0.0484375
0 0.65625 0.66796875 0.08046875 0.1265625
1 0.31171875 0.6671875 0.0890625 0.1015625
1 0.28359375 0.640625 0.084375 0.096875
0 0.9515625 0.95703125 0.09296875 0.084375
0 0.5625 0.56171875 0.0578125 0.09296875
1 0.3265625 0.26875 0.03359375 0.03671875
1 0.2578125 0.52890625 0.0703125 0.08046875
0 0.290625 0.571875 0.07890625 0.075
0 0.375 0.36875 0.03515625 0.0484375
1 0.359375 0.8796875 0.12109375 0.18125
0 0.69921875 0.73515625 0.09765625 0.13671875
1 0.490625 0.48125 0.034375 0.075
0 0.42578125 0.4453125 0.0359375 0.0484375
0 0.38828125 0.39921875 0.0328125 0.04453125
0 0.3390625 0.3390625 0.02578125 0.0328125
1 0.35078125 0.29921875 0.05 0.04375
0 0.31640625 0.3046875 0.025 0.02890625
1 0.3078125 0.25546875 0.02578125 0.0375