1 0.8625 0.8921875 0.09921875 0.1765625
1 0.96484375 0.95703125 0.06953125 0.08359375
1 0.78359375 0.80859375 0.07265625 0.125
1 0.71171875 0.72578125 0.08671875 0.1390625
1 0.49921875 0.4796875 0.0625 0.06640625
1 0.60546875 0.590625 0.07421875 0.1
1 0.2875 0.634375 0.084375 0.10078125
1 0.6546875 0.64921875 0.08515625 0.1265625
1 0.5625 0.54375 0.07890625 0.10390625
1 0.475 0.44140625 0.05546875 0.0640625
0 0.528125 0.51484375 0.0625 0.07890625
1 0.44296875 0.4140625 0.046875 0.059375
1 0.42109375 0.3875 0.0546875 0.06484375
1 0.3921875 0.36640625 0.05546875 0.0671875
1 0.37734375 0.32890625 0.04765625 0.04609375
1 0.3578125 0.3109375 0.0359375 0.05078125
0 0.4125 0.84921875 0.09609375 0.16875
0 0.371875 0.7640625 0.0890625 0.14140625
0 0.3328125 0.6828125 0.08515625 0.1171875
0 0.29296875 0.57421875 0.059375 0.07109375