1 0.76953125 0.79140625 0.07734375 0.12578125
1 0.5265625 0.50625 0.06640625 0.0859375
1 0.8640625 0.91796875 0.0828125 0.1359375
1 0.65078125 0.64296875 0.06640625 0.09375
1 0.3046875 0.69140625 0.10078125 0.128125
1 0.4015625 0.3640625 0.05859375 0.0609375
1 0.34765625 0.29921875 0.04296875 0.03984375
1 0.46796875 0.44609375 0.05703125 0.0609375
1 0.35390625 0.88671875 0.10859375 0.1796875
0 0.71015625 0.73828125 0.08359375 0.125
1 0.2921875 0.60546875 0.09140625 0.08984375
1 0.2828125 0.55703125 0.0890625 0.0796875
0 0.55859375 0.56953125 0.06484375 0.09921875
1 0.96328125 0.96015625 0.0703125 0.078125
0 0.3703125 0.346875 0.0390625 0.0359375
0 0.309375 0.27265625 0.02734375 0.0234375
1 0.60625 0.58984375 0.06171875 0.08671875
1 0.3390625 0.73984375 0.13046875 0.134375
1 0.49609375 0.47421875 0.04609375 0.0609375
1 0.4421875 0.41171875 0.04375 0.040625
1 0.409375 0.38984375 0.04375 0.04765625
1 0.32890625 0.2796875 0.0328125 0.028125
0 0.3609375 0.325 0.040625 0.0453125
0 0.30546875 0.290625 0.01875 0.02578125