1 0.6078125 0.590625 0.06328125 0.08828125
1 0.7703125 0.79140625 0.0765625 0.12578125
1 0.5265625 0.50625 0.06640625 0.0859375
1 0.86484375 0.91796875 0.0828125 0.1359375
1 0.3234375 0.7609375 0.11953125 0.16171875
1 0.41953125 0.39140625 0.05234375 0.05703125
1 0.46875 0.44453125 0.05546875 0.0640625
1 0.37109375 0.33046875 0.04375 0.0484375
1 0.28359375 0.640625 0.084375 0.096875
1 0.25703125 0.528125 0.06875 0.078125
0 0.559375 0.56796875 0.06328125 0.0953125
1 0.32578125 0.26796875 0.03515625 0.03828125
0 0.29296875 0.56875 0.0765625 0.06875
0 0.71015625 0.73671875 0.08203125 0.12578125
1 0.96328125 0.95859375 0.07265625 0.08046875
1 0.64375 0.6515625 0.05859375 0.09765625
1 0.49609375 0.4734375 0.04296875 0.06484375
1 0.3484375 0.8625 0.1234375 0.1390625
1 0.3078125 0.66640625 0.11171875 0.1015625
0 0.43671875 0.421875 0.046875 0.06328125
1 0.39375 0.3703125 0.0359375 0.04921875
0 0.3703125 0.3703125 0.03125 0.0453125
0 0.33984375 0.33671875 0.02890625 0.0390625
0 0.31640625 0.30234375 0.0234375 0.0390625
0 0.2984375 0.2734375 0.02109375 0.0296875