1 0.7703125 0.79140625 0.07578125 0.12578125
1 0.6078125 0.590625 0.0640625 0.0859375
1 0.8640625 0.91875 0.08203125 0.13359375
1 0.70390625 0.7234375 0.07421875 0.10703125
1 0.32265625 0.7609375 0.1203125 0.16171875
1 0.5265625 0.50390625 0.0671875 0.08203125
1 0.46875 0.44453125 0.05625 0.0640625
1 0.37109375 0.33125 0.04375 0.046875
1 0.41953125 0.390625 0.05234375 0.05859375
1 0.3140625 0.65703125 0.1109375 0.1
1 0.28359375 0.6421875 0.08515625 0.0953125
1 0.33125 0.28203125 0.03671875 0.0390625
1 0.26796875 0.57109375 0.08984375 0.07421875
1 0.2578125 0.5140625 0.06875 0.05390625
1 0.959375 0.95703125 0.07890625 0.08359375
1 0.65234375 0.65625 0.06875 0.0796875
1 0.35390625 0.88046875 0.14140625 0.1640625
1 0.56328125 0.55625 0.06875 0.09296875
1 0.49609375 0.47578125 0.04765625 0.0765625
0 0.43828125 0.42890625 0.0515625 0.05546875
1 0.39921875 0.36796875 0.04765625 0.0484375
0 0.371875 0.3671875 0.0375 0.04921875
0 0.34140625 0.33671875 0.02734375 0.04140625
1 0.35 0.3 0.0453125 0.03671875
1 0.3265625 0.2609375 0.03828125 0.0390625
0 0.29765625 0.27734375 0.025 0.028125