1 0.76953125 0.79140625 0.0765625 0.12578125
1 0.5265625 0.50625 0.06640625 0.0859375
1 0.60703125 0.590625 0.06328125 0.08828125
1 0.8640625 0.91796875 0.08203125 0.1359375
1 0.41953125 0.39140625 0.05234375 0.05703125
1 0.37109375 0.33046875 0.04296875 0.04609375
1 0.3234375 0.76015625 0.1203125 0.1609375
0 0.65390625 0.66953125 0.0828125 0.12109375
1 0.284375 0.640625 0.08359375 0.09921875
1 0.46875 0.44453125 0.05546875 0.0640625
1 0.25703125 0.528125 0.06953125 0.08125
1 0.32578125 0.26640625 0.03359375 0.0390625
0 0.55625 0.56953125 0.06796875 0.09921875
0 0.29140625 0.56796875 0.08359375 0.06796875
1 0.95859375 0.95703125 0.07890625 0.084375
0 0.70546875 0.74453125 0.084375 0.12109375
1 0.3578125 0.86640625 0.140625 0.13359375
1 0.321875 0.6625 0.08046875 0.07265625
1 0.49140625 0.475 0.03359375 0.059375
0 0.4390625 0.42578125 0.05 0.04765625
0 0.3765625 0.3640625 0.02265625 0.04375
1 0.39921875 0.36328125 0.04765625 0.0359375
1 0.34765625 0.29765625 0.04375 0.03203125
0 0.34140625 0.3375 0.02265625 0.03359375
0 0.3203125 0.30390625 0.02734375 0.03671875
0 0.3 0.27109375 0.01953125 0.028125