1 0.79375 0.57890625 0.12578125 0.19375
1 0.38671875 0.27890625 0.07421875 0.06953125
1 0.5984375 0.4234375 0.13984375 0.1703125
1 0.4609375 0.33046875 0.06640625 0.08125
1 0.32265625 0.23671875 0.071875 0.0609375
1 0.9421875 0.73046875 0.115625 0.3078125
1 0.678125 0.490625 0.10546875 0.2515625
1 0.53203125 0.38515625 0.0609375 0.1078125
1 0.4890625 0.3578125 0.06328125 0.1109375
1 0.41953125 0.30703125 0.04921875 0.08125
1 0.3390625 0.25546875 0.028125 0.0609375
1 0.27421875 0.22109375 0.03203125 0.05546875
1 0.29609375 0.22890625 0.0265625 0.06015625
1 0.209375 0.32734375 0.0796875 0.1203125
0 0.29296875 0.78203125 0.1703125 0.24765625
0 0.26875 0.61796875 0.1515625 0.19453125
0 0.240625 0.49140625 0.128125 0.1421875
0 0.22421875 0.41328125 0.08984375 0.08828125