1 0.6078125 0.59921875 0.06015625 0.07890625
1 0.46328125 0.44765625 0.05859375 0.0546875
1 0.5296875 0.50390625 0.06484375 0.0734375
1 0.32578125 0.790625 0.1171875 0.14375
1 0.42265625 0.38984375 0.05390625 0.05
0 0.6546875 0.66953125 0.0828125 0.12109375
1 0.30234375 0.6796875 0.08828125 0.08828125
1 0.28046875 0.6390625 0.09140625 0.11328125
0 0.95078125 0.95859375 0.09375 0.08046875
0 0.8609375 0.91015625 0.1234375 0.178125
1 0.33515625 0.27890625 0.03828125 0.04140625
0 0.56328125 0.57109375 0.06484375 0.1
0 0.3578125 0.32890625 0.04453125 0.034375
0 0.39453125 0.36328125 0.03359375 0.0453125
0 0.490625 0.4890625 0.05078125 0.06875
1 0.3828125 0.86015625 0.12421875 0.15703125
1 0.29453125 0.54921875 0.0765625 0.0796875
0 0.77421875 0.83828125 0.08046875 0.13125
0 0.703125 0.7515625 0.0953125 0.12109375
1 0.43203125 0.4171875 0.04609375 0.06484375
0 0.36875 0.34921875 0.0296875 0.034375
0 0.33984375 0.31640625 0.03359375 0.0265625
1 0.31640625 0.27421875 0.02421875 0.034375
1 0.30546875 0.25 0.028125 0.0390625