1 0.6078125 0.59921875 0.06015625 0.07890625
1 0.4640625 0.44609375 0.0578125 0.05546875
1 0.32578125 0.790625 0.1171875 0.14375
1 0.42109375 0.38984375 0.05234375 0.05
0 0.65390625 0.66796875 0.08359375 0.1265625
1 0.3359375 0.28046875 0.03515625 0.040625
1 0.28125 0.6390625 0.09375 0.11484375
0 0.7796875 0.8234375 0.10390625 0.159375
0 0.95078125 0.95859375 0.09609375 0.08125
0 0.5328125 0.52578125 0.059375 0.078125
0 0.36015625 0.3265625 0.03359375 0.03203125
0 0.35390625 0.30546875 0.03046875 0.040625
0 0.39609375 0.3609375 0.0359375 0.04921875
0 0.85546875 0.90234375 0.1234375 0.1609375
0 0.70625 0.7375 0.08984375 0.13046875
0 0.56328125 0.57578125 0.05078125 0.07421875
0 0.49375 0.5015625 0.0515625 0.05859375
1 0.38828125 0.8453125 0.09609375 0.1421875
1 0.31484375 0.67578125 0.0796875 0.0921875
1 0.296875 0.55 0.084375 0.09296875
1 0.43046875 0.415625 0.03203125 0.05859375
0 0.378125 0.34453125 0.0328125 0.03515625
1 0.31328125 0.265625 0.0203125 0.0390625
1 0.3015625 0.25234375 0.02265625 0.034375