1 0.86796875 0.9 0.10078125 0.1796875
1 0.3640625 0.87109375 0.11953125 0.20625
1 0.7125 0.71796875 0.08203125 0.13671875
1 0.78125 0.79296875 0.07421875 0.12421875
1 0.60859375 0.59296875 0.06484375 0.08984375
1 0.5625 0.55546875 0.065625 0.08125
1 0.3328125 0.77421875 0.11171875 0.16484375
1 0.303125 0.703125 0.0984375 0.13203125
1 0.4296875 0.390625 0.0546875 0.053125
1 0.4046875 0.36484375 0.05390625 0.06328125
1 0.525 0.50625 0.07265625 0.08671875
1 0.27578125 0.64375 0.0859375 0.096875
1 0.37109375 0.32578125 0.05546875 0.05703125
1 0.25390625 0.58203125 0.09609375 0.0984375
1 0.496875 0.47109375 0.05078125 0.0609375
1 0.9546875 0.95078125 0.090625 0.0984375
0 0.6578125 0.66953125 0.08359375 0.15390625
0 0.46953125 0.459375 0.04140625 0.0578125
0 0.44765625 0.43203125 0.0390625 0.05546875
0 0.35 0.30546875 0.01953125 0.02734375
0 0.3390625 0.29375 0.01953125 0.03125
0 0.32578125 0.28203125 0.01953125 0.02734375
0 0.3140625 0.2703125 0.01953125 0.0296875