1 0.8625 0.89296875 0.09921875 0.178125
1 0.78359375 0.80859375 0.07265625 0.12421875
1 0.7109375 0.72578125 0.08828125 0.1390625
1 0.96484375 0.95703125 0.06953125 0.08359375
1 0.60625 0.59140625 0.07421875 0.1015625
1 0.6546875 0.65078125 0.08515625 0.12890625
1 0.2234375 0.22578125 0.03046875 0.03515625
1 0.475 0.44140625 0.05546875 0.06484375
1 0.28828125 0.634375 0.084375 0.103125
1 0.496875 0.47734375 0.05703125 0.0640625
1 0.5640625 0.54921875 0.08359375 0.090625
1 0.53125 0.49765625 0.06484375 0.0734375
1 0.45 0.41484375 0.0515625 0.05703125
1 0.42421875 0.38515625 0.0640625 0.05625
1 0.39765625 0.3609375 0.05703125 0.0578125
1 0.37890625 0.32890625 0.05 0.04921875
1 0.35703125 0.3078125 0.04609375 0.04921875
0 0.40625 0.8390625 0.11328125 0.146875
0 0.371875 0.75 0.08671875 0.10703125
0 0.3375 0.684375 0.07578125 0.1046875
1 0.28046875 0.55546875 0.07890625 0.0765625