1 0.8609375 0.89296875 0.10234375 0.17578125
1 0.96484375 0.95703125 0.06953125 0.08359375
1 0.78359375 0.8078125 0.07265625 0.1234375
1 0.7125 0.72578125 0.08671875 0.1390625
1 0.60625 0.590625 0.07421875 0.1
1 0.6546875 0.64921875 0.08515625 0.125
1 0.32734375 0.7640625 0.12734375 0.1703125
1 0.5625 0.546875 0.07890625 0.10859375
1 0.4984375 0.47890625 0.06171875 0.06640625
1 0.475 0.440625 0.0546875 0.0609375
1 0.51875 0.50546875 0.05078125 0.071875
1 0.44453125 0.415625 0.03984375 0.059375
1 0.4203125 0.3875 0.04921875 0.0671875
1 0.3890625 0.3671875 0.0515625 0.0625
1 0.37734375 0.33359375 0.04375 0.05234375
1 0.359375 0.31328125 0.0421875 0.04609375
0 0.40390625 0.8296875 0.09609375 0.15078125
1 0.321875 0.65390625 0.1 0.09765625
1 0.29453125 0.60625 0.07890625 0.059375
1 0.284375 0.553125 0.0828125 0.06796875