1 0.76953125 0.79140625 0.0765625 0.128125
1 0.5265625 0.50625 0.06640625 0.0859375
1 0.41953125 0.39140625 0.0515625 0.05703125
1 0.60703125 0.590625 0.06328125 0.08828125
1 0.86484375 0.91796875 0.08359375 0.134375
0 0.65625 0.66796875 0.08125 0.1265625
1 0.3234375 0.76015625 0.11953125 0.1609375
1 0.46875 0.44453125 0.05625 0.0640625
1 0.37109375 0.33125 0.04296875 0.046875
1 0.3125 0.6734375 0.10390625 0.11484375
1 0.284375 0.640625 0.08359375 0.096875
0 0.9515625 0.95859375 0.09296875 0.08125
1 0.3265625 0.26640625 0.03359375 0.0390625
1 0.25703125 0.5296875 0.06953125 0.0796875
0 0.28828125 0.56875 0.0734375 0.06640625
0 0.5625 0.5640625 0.05703125 0.090625
0 0.70078125 0.746875 0.0953125 0.11640625
1 0.359375 0.8703125 0.13046875 0.1640625
1 0.49140625 0.47734375 0.03359375 0.059375
0 0.42734375 0.43984375 0.040625 0.0671875
0 0.3859375 0.39609375 0.034375 0.05390625
0 0.38828125 0.36328125 0.05625 0.046875
0 0.3390625 0.34140625 0.025 0.034375
1 0.34609375 0.30078125 0.0421875 0.03359375
0 0.3171875 0.30546875 0.02265625 0.03203125
1 0.30625 0.25390625 0.0234375 0.03828125