1 0.60859375 0.5984375 0.06015625 0.078125
1 0.46328125 0.44765625 0.05703125 0.0546875
1 0.32578125 0.790625 0.11796875 0.14375
1 0.42265625 0.38984375 0.053125 0.05
1 0.3359375 0.27890625 0.03671875 0.04140625
0 0.6546875 0.67109375 0.08203125 0.11640625
1 0.28125 0.63828125 0.09296875 0.1140625
0 0.95078125 0.95859375 0.09453125 0.08125
0 0.8625 0.91171875 0.12421875 0.175
0 0.56796875 0.565625 0.06171875 0.08828125
0 0.39609375 0.3609375 0.0359375 0.04921875
0 0.3734375 0.3453125 0.0328125 0.0328125
0 0.3671875 0.32265625 0.02890625 0.04375
1 0.4859375 0.51640625 0.04765625 0.078125
0 0.53046875 0.52890625 0.06484375 0.06875
0 0.51015625 0.48046875 0.04296875 0.06640625
0 0.78046875 0.84296875 0.1109375 0.159375
0 0.70703125 0.759375 0.096875 0.14375
1 0.38671875 0.85859375 0.109375 0.15
1 0.3125 0.67890625 0.08125 0.0984375
1 0.29140625 0.55078125 0.06875 0.0875
1 0.4296875 0.41875 0.034375 0.05546875
0 0.340625 0.31640625 0.028125 0.028125
1 0.31171875 0.27109375 0.0234375 0.03203125
1 0.30390625 0.253125 0.0265625 0.028125