1 0.71640625 0.71796875 0.078125 0.1203125
1 0.57578125 0.64296875 0.065625 0.11875
1 0.44765625 0.41796875 0.05078125 0.05703125
1 0.40546875 0.365625 0.0546875 0.0640625
1 0.25546875 0.525 0.0671875 0.08515625
1 0.53359375 0.5109375 0.05859375 0.0765625
0 0.953125 0.96171875 0.09375 0.07578125
0 0.85703125 0.915625 0.12109375 0.12421875
0 0.765625 0.83125 0.10234375 0.14609375
0 0.64375 0.684375 0.07734375 0.09375
0 0.5703125 0.55703125 0.04765625 0.05390625
0 0.48984375 0.49296875 0.059375 0.05390625
0 0.46953125 0.45390625 0.06953125 0.04765625
0 0.40546875 0.42265625 0.040625 0.05546875
0 0.3671875 0.35 0.0515625 0.03359375
0 0.3546875 0.3296875 0.05 0.028125
0 0.34453125 0.3140625 0.046875 0.0296875
0 0.33203125 0.29921875 0.05078125 0.02578125
0 0.31953125 0.28203125 0.04921875 0.0265625
0 0.30859375 0.265625 0.03984375 0.01875
0 0.371875 0.8375 0.1515625 0.13828125
0 0.33125 0.75625 0.15078125 0.10078125
0 0.3125 0.6921875 0.115625 0.0875
0 0.2984375 0.6296875 0.11015625 0.0796875
0 0.29375 0.57578125 0.115625 0.0609375