1 0.4640625 0.44765625 0.0578125 0.0546875
1 0.6078125 0.5984375 0.06015625 0.078125
1 0.5296875 0.50390625 0.06484375 0.0734375
1 0.32578125 0.790625 0.11796875 0.14375
1 0.33515625 0.28046875 0.0375 0.040625
0 0.86171875 0.91015625 0.12421875 0.178125
0 0.65390625 0.67109375 0.0828125 0.121875
1 0.28046875 0.640625 0.08984375 0.1140625
0 0.56328125 0.57109375 0.06484375 0.0984375
0 0.40625 0.41640625 0.02578125 0.03984375
0 0.49375 0.4859375 0.04765625 0.06953125
0 0.34375 0.33828125 0.0234375 0.03515625
0 0.771875 0.84921875 0.09921875 0.15390625
0 0.9546875 0.97109375 0.0890625 0.05703125
0 0.70234375 0.74765625 0.0984375 0.12890625
1 0.39140625 0.853125 0.1171875 0.17265625
1 0.3125 0.68046875 0.0859375 0.08671875
1 0.284375 0.54609375 0.07890625 0.10078125
1 0.43515625 0.41953125 0.04375 0.04765625
0 0.39296875 0.39765625 0.0296875 0.0328125
0 0.37578125 0.375 0.02890625 0.0296875
0 0.3609375 0.35390625 0.02890625 0.02734375
0 0.33359375 0.31796875 0.0234375 0.0265625
1 0.3125 0.26953125 0.01953125 0.0390625
1 0.30546875 0.25078125 0.03359375 0.02890625