1 0.6078125 0.5984375 0.06015625 0.078125
1 0.46328125 0.44765625 0.05859375 0.0546875
1 0.5296875 0.50390625 0.06484375 0.0734375
1 0.32578125 0.790625 0.1171875 0.14375
1 0.4203125 0.38984375 0.05390625 0.05
1 0.31015625 0.271875 0.02265625 0.0328125
1 0.3359375 0.28046875 0.03671875 0.040625
0 0.6546875 0.66953125 0.08125 0.1203125
1 0.28046875 0.6390625 0.09140625 0.11484375
0 0.86171875 0.91171875 0.1234375 0.175
0 0.39765625 0.36015625 0.03515625 0.05
0 0.36171875 0.3234375 0.034375 0.0359375
0 0.35390625 0.30390625 0.03203125 0.046875
0 0.5671875 0.565625 0.06328125 0.09375
0 0.49609375 0.47890625 0.04765625 0.0734375
0 0.953125 0.9578125 0.0875 0.084375
0 0.78125 0.8359375 0.08984375 0.134375
0 0.7140625 0.74921875 0.10703125 0.12890625
1 0.3796875 0.85 0.09921875 0.18515625
1 0.3046875 0.690625 0.08125 0.1265625
1 0.2890625 0.54453125 0.071875 0.0859375
1 0.4328125 0.41875 0.028125 0.06328125
0 0.37734375 0.34140625 0.03125 0.04140625
1 0.30234375 0.24921875 0.02578125 0.03125