1 0.76953125 0.79140625 0.07578125 0.12578125
1 0.5265625 0.50625 0.06640625 0.0859375
1 0.41953125 0.39140625 0.05234375 0.05703125
0 0.65546875 0.66796875 0.08125 0.1265625
1 0.8640625 0.91796875 0.0828125 0.1359375
1 0.3234375 0.76015625 0.11953125 0.1609375
1 0.46875 0.44453125 0.05546875 0.0640625
1 0.37109375 0.33046875 0.04296875 0.0484375
1 0.60703125 0.58984375 0.06328125 0.0890625
1 0.31640625 0.6625 0.1015625 0.0921875
1 0.284375 0.640625 0.08359375 0.096875
0 0.9515625 0.95859375 0.09375 0.08046875
1 0.3265625 0.26796875 0.03359375 0.03828125
0 0.56328125 0.5640625 0.0578125 0.0890625
1 0.25703125 0.5296875 0.0703125 0.0796875
0 0.28984375 0.56953125 0.07890625 0.0765625
0 0.39375 0.35703125 0.0359375 0.0515625
1 0.3609375 0.865625 0.13984375 0.14375
0 0.70234375 0.740625 0.08125 0.12109375
1 0.490625 0.47734375 0.03515625 0.059375
0 0.43203125 0.4390625 0.0484375 0.05859375
0 0.38515625 0.4 0.03359375 0.04765625
0 0.34140625 0.33515625 0.025 0.0375
1 0.34765625 0.3 0.04140625 0.03515625
0 0.31953125 0.30234375 0.02734375 0.03203125
1 0.31015625 0.25625 0.03046875 0.03671875