1 0.71640625 0.71796875 0.078125 0.1203125
0 0.4234375 0.40390625 0.05 0.059375
1 0.44765625 0.41796875 0.05078125 0.05703125
1 0.40546875 0.365625 0.0546875 0.06171875
1 0.25625 0.528125 0.06484375 0.09453125
0 0.5546875 0.5671875 0.07265625 0.11171875
1 0.53359375 0.5109375 0.05859375 0.075
0 0.9515625 0.9609375 0.096875 0.075
0 0.85546875 0.90390625 0.11796875 0.16015625
0 0.778125 0.8390625 0.10390625 0.1484375
0 0.65546875 0.69453125 0.08203125 0.1078125
0 0.6 0.625 0.0796875 0.109375
0 0.4921875 0.5046875 0.059375 0.07265625
0 0.46484375 0.45859375 0.0484375 0.06484375
0 0.37421875 0.34765625 0.03671875 0.03359375
0 0.3609375 0.32734375 0.03984375 0.03046875
0 0.346875 0.3078125 0.03359375 0.0328125
0 0.33828125 0.2953125 0.03046875 0.01953125
0 0.325 0.28125 0.0328125 0.01953125
0 0.31015625 0.26953125 0.02578125 0.01953125
0 0.38984375 0.846875 0.1484375 0.1625
0 0.35625 0.76640625 0.10625 0.13671875
0 0.33046875 0.68046875 0.11015625 0.103125
0 0.3140625 0.63671875 0.10234375 0.08828125
0 0.28828125 0.578125 0.08671875 0.0734375