0 0.86015625 0.90390625 0.125 0.18046875
0 0.9390625 0.92265625 0.1078125 0.15390625
0 0.77734375 0.8140625 0.11484375 0.13984375
0 0.7125 0.734375 0.1015625 0.1390625
0 0.65703125 0.66875 0.0875 0.115625
0 0.60859375 0.61953125 0.07109375 0.09375
0 0.5734375 0.56484375 0.0484375 0.0796875
0 0.53671875 0.51875 0.040625 0.06171875
0 0.509375 0.4796875 0.03828125 0.06171875
0 0.4796875 0.44921875 0.03515625 0.06015625
0 0.453125 0.42421875 0.0375 0.05234375
0 0.43515625 0.40390625 0.03828125 0.0484375
0 0.415625 0.3828125 0.03203125 0.04765625
0 0.39765625 0.3578125 0.03125 0.04609375
0 0.38125 0.340625 0.02890625 0.03828125
0 0.36875 0.325 0.02578125 0.03984375
0 0.3546875 0.30703125 0.02109375 0.03359375
0 0.37734375 0.88671875 0.1328125 0.1625
0 0.33515625 0.80078125 0.1125 0.14921875
0 0.31875 0.721875 0.09296875 0.13515625
0 0.29609375 0.65625 0.0765625 0.1078125
0 0.27265625 0.59375 0.06328125 0.10078125
0 0.26328125 0.5484375 0.05390625 0.07734375
0 0.25859375 0.50234375 0.05390625 0.06796875
0 0.246875 0.4671875 0.053125 0.0640625