1 0.71640625 0.7171875 0.078125 0.11953125
0 0.55625 0.571875 0.07421875 0.096875
1 0.53359375 0.5109375 0.05859375 0.075
1 0.44765625 0.41875 0.05078125 0.05703125
1 0.60625 0.59296875 0.07421875 0.10625
1 0.40546875 0.365625 0.0546875 0.06328125
1 0.25546875 0.52578125 0.06796875 0.09140625
0 0.3796875 0.86015625 0.1234375 0.19921875
0 0.9515625 0.9609375 0.096875 0.075
0 0.853125 0.92265625 0.140625 0.1546875
0 0.77109375 0.8328125 0.1234375 0.18203125
0 0.6390625 0.69453125 0.08828125 0.12421875
0 0.48828125 0.48671875 0.0640625 0.05078125
0 0.46953125 0.45625 0.06953125 0.04453125
0 0.40625 0.41796875 0.04453125 0.06484375
0 0.36875 0.35078125 0.04921875 0.03359375
0 0.35546875 0.3296875 0.0546875 0.028125
0 0.34296875 0.31640625 0.05 0.03125
0 0.33046875 0.29921875 0.05078125 0.02109375
0 0.31796875 0.2828125 0.046875 0.02265625
0 0.3375 0.74921875 0.125 0.07734375
0 0.3203125 0.68828125 0.10625 0.08359375
0 0.3 0.62734375 0.11171875 0.078125
0 0.28828125 0.57578125 0.08203125 0.0703125