1 0.70546875 0.640625 0.10703125 0.13046875
1 0.9828125 0.95625 0.0328125 0.0859375
0 0.82265625 0.67578125 0.1359375 0.0546875
0 0.7921875 0.62734375 0.09765625 0.05703125
0 0.596875 0.6703125 0.0765625 0.06015625
0 0.59765625 0.62890625 0.1046875 0.0421875
0 0.56875 0.61015625 0.11796875 0.0546875
0 0.540625 0.57890625 0.09765625 0.03828125
0 0.6703125 0.59140625 0.07265625 0.04609375
0 0.6515625 0.56875 0.1 0.03203125
0 0.61640625 0.546875 0.10546875 0.02734375
0 0.58515625 0.53046875 0.0921875 0.03046875
0 0.9171875 0.5640625 0.0703125 0.0390625
0 0.87578125 0.54609375 0.06796875 0.03046875
0 0.840625 0.5328125 0.0765625 0.03359375
0 0.9765625 0.553125 0.046875 0.028125
0 0.95 0.53125 0.0671875 0.03125
0 0.91171875 0.51484375 0.06171875 0.02265625