1 0.86640625 0.8859375 0.08125 0.14296875
1 0.78046875 0.79140625 0.07421875 0.12421875
1 0.3640625 0.86796875 0.11953125 0.203125
1 0.32421875 0.7828125 0.1078125 0.15625
1 0.60859375 0.59296875 0.06484375 0.08984375
1 0.7125 0.7171875 0.08203125 0.1359375
1 0.40546875 0.36484375 0.05390625 0.06328125
1 0.65078125 0.6484375 0.07578125 0.11015625
1 0.56171875 0.55546875 0.065625 0.0796875
1 0.303125 0.6953125 0.103125 0.13515625
1 0.534375 0.50859375 0.05859375 0.0734375
1 0.42734375 0.390625 0.05078125 0.05703125
1 0.2703125 0.56953125 0.08125 0.09453125
1 0.4671875 0.434375 0.05859375 0.07578125
1 0.27578125 0.6484375 0.08515625 0.109375
1 0.49765625 0.471875 0.053125 0.0609375
0 0.9546875 0.946875 0.090625 0.10546875
0 0.4390625 0.42734375 0.03984375 0.06171875
0 0.378125 0.34609375 0.0328125 0.053125
0 0.36171875 0.32578125 0.03203125 0.04296875
0 0.35 0.3109375 0.02734375 0.040625
0 0.3375 0.29453125 0.0234375 0.034375
0 0.3265625 0.28359375 0.0203125 0.028125
0 0.3140625 0.27109375 0.01796875 0.028125