1 0.46328125 0.44765625 0.0578125 0.0546875
1 0.60859375 0.59921875 0.06015625 0.07890625
1 0.5296875 0.50390625 0.0640625 0.0734375
1 0.37421875 0.86328125 0.11171875 0.18203125
1 0.29609375 0.7015625 0.09296875 0.134375
1 0.42265625 0.38984375 0.053125 0.05
0 0.6546875 0.67109375 0.08203125 0.121875
1 0.3359375 0.27890625 0.03671875 0.04140625
0 0.7796875 0.8234375 0.10390625 0.1609375
0 0.95078125 0.95703125 0.09609375 0.08359375
0 0.5640625 0.56953125 0.06640625 0.10078125
0 0.3953125 0.3609375 0.034375 0.04921875
0 0.49375 0.4859375 0.04765625 0.06796875
0 0.3515625 0.30546875 0.03203125 0.04296875
1 0.27421875 0.5609375 0.09375 0.09375
0 0.8546875 0.90390625 0.1078125 0.16328125
0 0.703125 0.746875 0.09140625 0.1015625
1 0.34765625 0.7578125 0.09453125 0.08515625
1 0.30078125 0.621875 0.07109375 0.0703125
1 0.434375 0.4203125 0.0390625 0.0625
0 0.38125 0.34453125 0.03359375 0.03359375
0 0.36796875 0.32265625 0.03203125 0.028125
1 0.3140625 0.2671875 0.01640625 0.0328125
1 0.303125 0.25234375 0.02890625 0.03515625