1 0.86171875 0.890625 0.10234375 0.1734375
1 0.78359375 0.80546875 0.071875 0.1203125
1 0.96484375 0.95703125 0.06953125 0.08359375
1 0.2875 0.63515625 0.084375 0.1015625
1 0.71171875 0.72578125 0.08671875 0.1390625
1 0.6546875 0.64453125 0.08515625 0.11640625
1 0.60625 0.59296875 0.07421875 0.1046875
1 0.5625 0.5453125 0.0796875 0.1015625
1 0.4484375 0.4109375 0.05078125 0.05546875
1 0.49453125 0.47578125 0.053125 0.06015625
1 0.475 0.44140625 0.05546875 0.06171875
1 0.53046875 0.4984375 0.06015625 0.0734375
1 0.41953125 0.3859375 0.05390625 0.06171875
1 0.39609375 0.3625 0.06328125 0.071875
1 0.378125 0.328125 0.0453125 0.0484375
1 0.359375 0.3125 0.03828125 0.04453125
0 0.4109375 0.840625 0.1109375 0.15390625
0 0.365625 0.7703125 0.08984375 0.13828125
0 0.33515625 0.68984375 0.08984375 0.11875
0 0.28359375 0.5375 0.06015625 0.07421875