1 0.6078125 0.5890625 0.0640625 0.08671875
1 0.7703125 0.79296875 0.07578125 0.1265625
1 0.5265625 0.50625 0.06640625 0.0859375
1 0.8640625 0.91796875 0.08203125 0.1359375
1 0.41953125 0.39140625 0.05078125 0.05703125
1 0.32265625 0.759375 0.12109375 0.1609375
0 0.43671875 0.43203125 0.04140625 0.0609375
1 0.46875 0.44453125 0.05546875 0.0640625
1 0.2828125 0.56953125 0.09140625 0.1046875
1 0.34921875 0.29921875 0.04453125 0.03984375
0 0.70546875 0.740625 0.08671875 0.1265625
0 0.5625 0.5640625 0.05625 0.090625
1 0.95859375 0.959375 0.07734375 0.07890625
0 0.39453125 0.36171875 0.0328125 0.04453125
1 0.6484375 0.646875 0.06171875 0.1234375
1 0.49296875 0.475 0.0453125 0.0671875
0 0.37890625 0.34375 0.02421875 0.03515625
0 0.36484375 0.3265625 0.02421875 0.0359375
1 0.3328125 0.2828125 0.0375 0.0328125
1 0.32578125 0.26328125 0.03046875 0.03984375
0 0.3 0.2734375 0.0265625 0.03203125
1 0.3625 0.87265625 0.1 0.1390625
1 0.31328125 0.66953125 0.08828125 0.096875
0 0.309375 0.60703125 0.09609375 0.08984375