0 0.96796875 0.965625 0.06328125 0.06875
0 0.90859375 0.96640625 0.07578125 0.06640625
0 0.84765625 0.9625 0.06953125 0.07421875
0 0.79296875 0.959375 0.0640625 0.071875
0 0.72890625 0.95546875 0.06328125 0.07890625
0 0.66953125 0.95703125 0.046875 0.08046875
0 0.609375 0.94765625 0.0546875 0.0734375
0 0.546875 0.93203125 0.05390625 0.0609375
0 0.96171875 0.909375 0.06796875 0.05625
0 0.9046875 0.90625 0.06640625 0.05703125
0 0.846875 0.90078125 0.0625 0.0546875
0 0.790625 0.8953125 0.0609375 0.05078125
0 0.7328125 0.890625 0.06171875 0.05078125
1 0.67578125 0.853125 0.05078125 0.11015625
0 0.621875 0.88125 0.05 0.0625
1 0.56328125 0.83828125 0.0546875 0.1109375
0 0.9375 0.79609375 0.05078125 0.040625
0 0.93046875 0.759375 0.0484375 0.03203125
1 0.88671875 0.77265625 0.0390625 0.07421875
0 0.8390625 0.79140625 0.05 0.04375
0 0.7890625 0.784375 0.0546875 0.03671875
0 0.7390625 0.78125 0.053125 0.03671875
0 0.69140625 0.77578125 0.0515625 0.0359375
0 0.6421875 0.7734375 0.05234375 0.03515625
0 0.596875 0.76640625 0.046875 0.03125
0 0.8359375 0.75234375 0.05 0.034375
0 0.7890625 0.7484375 0.05 0.0296875
0 0.7453125 0.7453125 0.05 0.03125
0 0.69765625 0.740625 0.05234375 0.0359375
0 0.65234375 0.73671875 0.05390625 0.025
0 0.60625 0.734375 0.04609375 0.0296875
0 0.95703125 0.6875 0.03984375 0.028125
0 0.91796875 0.6859375 0.04609375 0.03203125
0 0.875 0.68203125 0.04609375 0.02890625
0 0.8328125 0.68046875 0.04609375 0.02578125
0 0.790625 0.67734375 0.04453125 0.02890625
0 0.75 0.67421875 0.046875 0.0296875
0 0.709375 0.6703125 0.04453125 0.02890625
0 0.6671875 0.66953125 0.04375 0.02734375
0 0.62578125 0.6640625 0.04375 0.02265625