1 0.76953125 0.79140625 0.07578125 0.12578125
1 0.60703125 0.5890625 0.06328125 0.08671875
1 0.5265625 0.50625 0.06640625 0.0859375
1 0.8640625 0.91796875 0.08125 0.1359375
1 0.41953125 0.39140625 0.05078125 0.05703125
1 0.33984375 0.74375 0.13203125 0.13359375
1 0.30546875 0.690625 0.1 0.13046875
1 0.46875 0.44453125 0.05625 0.06171875
0 0.35078125 0.3328125 0.04375 0.03515625
1 0.34921875 0.29921875 0.04453125 0.03984375
1 0.35390625 0.8859375 0.10859375 0.1765625
1 0.2828125 0.56953125 0.0890625 0.1046875
0 0.7109375 0.73671875 0.08203125 0.1296875
0 0.5640625 0.56171875 0.05546875 0.0890625
1 0.95625 0.95859375 0.0828125 0.08046875
0 0.3875 0.4015625 0.034375 0.04921875
0 0.371875 0.37734375 0.03203125 0.0453125
0 0.30234375 0.609375 0.0796875 0.08125
1 0.64765625 0.64765625 0.06484375 0.09921875
1 0.49375 0.478125 0.040625 0.0640625
0 0.4265625 0.4375 0.0375 0.06015625
0 0.365625 0.3546875 0.046875 0.03671875
1 0.3328125 0.28359375 0.03671875 0.03984375
0 0.30546875 0.29296875 0.0234375 0.025
0 0.3046875 0.27578125 0.02890625 0.0234375