0 0.9671875 0.965625 0.065625 0.06875
0 0.91875 0.96015625 0.0828125 0.0796875
0 0.85 0.959375 0.07890625 0.0640625
0 0.78984375 0.9546875 0.06796875 0.065625
0 0.728125 0.9546875 0.0625 0.065625
0 0.6703125 0.953125 0.0546875 0.071875
0 0.609375 0.95078125 0.0609375 0.07890625
0 0.55390625 0.93125 0.053125 0.06953125
0 0.9609375 0.9046875 0.06796875 0.06953125
0 0.90234375 0.90234375 0.078125 0.06484375
0 0.84921875 0.89453125 0.075 0.06015625
0 0.79609375 0.89296875 0.06875 0.075
0 0.7359375 0.88203125 0.0703125 0.0640625
1 0.678125 0.85390625 0.06640625 0.12578125
0 0.62421875 0.86796875 0.0546875 0.07265625
0 0.56953125 0.87734375 0.0546875 0.07734375
0 0.93671875 0.78828125 0.04921875 0.0578125
1 0.88984375 0.76171875 0.0625 0.10546875
0 0.83984375 0.78515625 0.0609375 0.05078125
0 0.7875 0.78515625 0.05546875 0.040625
0 0.74140625 0.78359375 0.0578125 0.03671875
0 0.696875 0.78203125 0.05234375 0.0390625
0 0.6453125 0.77421875 0.05546875 0.03671875
0 0.59375 0.76875 0.046875 0.05234375
0 0.93125 0.74375 0.05 0.0515625
0 0.8375 0.7453125 0.0453125 0.04296875
0 0.79375 0.753125 0.05234375 0.04375
0 0.7453125 0.746875 0.06171875 0.05
0 0.6984375 0.7359375 0.05546875 0.0390625
0 0.653125 0.7390625 0.0578125 0.03515625
0 0.60625 0.73359375 0.04921875 0.05234375
0 0.96171875 0.69375 0.05234375 0.0390625
0 0.9125 0.68125 0.05625 0.03671875
0 0.8703125 0.6828125 0.05234375 0.03203125
0 0.83359375 0.68203125 0.053125 0.04140625
0 0.78984375 0.678125 0.04609375 0.0453125
0 0.7484375 0.67421875 0.0484375 0.0515625
0 0.70390625 0.67890625 0.05390625 0.0421875
0 0.66484375 0.66875 0.0484375 0.0375
1 0.621875 0.6453125 0.04453125 0.075