1 0.6078125 0.5890625 0.0640625 0.08671875
1 0.7703125 0.79140625 0.0765625 0.128125
1 0.5265625 0.50625 0.06640625 0.0859375
1 0.8640625 0.91796875 0.08203125 0.1359375
1 0.3046875 0.690625 0.1015625 0.13046875
1 0.46875 0.44453125 0.05546875 0.06171875
1 0.28125 0.56953125 0.09296875 0.1046875
1 0.40078125 0.36328125 0.05859375 0.06171875
1 0.34921875 0.29921875 0.04453125 0.03984375
1 0.4046875 0.44765625 0.0484375 0.0640625
1 0.35390625 0.88671875 0.10859375 0.178125
0 0.7109375 0.73515625 0.08359375 0.13125
0 0.5625 0.56328125 0.05703125 0.09140625
1 0.96171875 0.95703125 0.07421875 0.08359375
0 0.3125 0.60859375 0.0734375 0.0640625
1 0.65390625 0.65390625 0.0765625 0.11953125
1 0.49765625 0.475 0.0484375 0.065625
0 0.440625 0.42734375 0.03828125 0.05234375
1 0.42109375 0.38828125 0.05703125 0.05859375
0 0.37109375 0.34765625 0.03125 0.034375
0 0.36015625 0.32734375 0.034375 0.0328125
1 0.33203125 0.2828125 0.03203125 0.034375
0 0.3078125 0.29140625 0.02265625 0.0234375
0 0.309375 0.27109375 0.034375 0.025
1 0.3375 0.74765625 0.13671875 0.13984375