1 0.71640625 0.71796875 0.078125 0.1203125
1 0.44765625 0.41875 0.05078125 0.05703125
1 0.40546875 0.365625 0.05390625 0.06328125
1 0.53359375 0.5109375 0.0578125 0.075
1 0.2921875 0.57890625 0.08828125 0.14375
1 0.2515625 0.52421875 0.08203125 0.07734375
0 0.95234375 0.96015625 0.0953125 0.0796875
0 0.8640625 0.88671875 0.12734375 0.1671875
0 0.784375 0.7875 0.09921875 0.16015625
0 0.66171875 0.66015625 0.08984375 0.10078125
0 0.6140625 0.609375 0.0734375 0.09765625
0 0.565625 0.54453125 0.06875 0.08828125
0 0.503125 0.47734375 0.04765625 0.0703125
0 0.478125 0.4390625 0.0515625 0.06796875
0 0.42890625 0.3796875 0.03984375 0.0390625
0 0.3875 0.33984375 0.02890625 0.0328125
0 0.371875 0.32265625 0.02578125 0.0359375
0 0.359375 0.30625 0.02578125 0.040625
0 0.34609375 0.2921875 0.0234375 0.0390625
0 0.3359375 0.2765625 0.02265625 0.0328125
0 0.315625 0.26484375 0.0265625 0.034375
0 0.39296875 0.87421875 0.146875 0.19921875
0 0.4578125 0.8265625 0.00078125 0.00078125
0 0.35859375 0.753125 0.09765625 0.12890625
0 0.32734375 0.70625 0.09609375 0.121875