1 0.76953125 0.79140625 0.0765625 0.12578125
1 0.6078125 0.590625 0.0640625 0.0859375
1 0.5265625 0.50625 0.06640625 0.0859375
1 0.41953125 0.39140625 0.0515625 0.05703125
1 0.86484375 0.91796875 0.08203125 0.1359375
1 0.3046875 0.690625 0.10078125 0.13046875
1 0.46875 0.44453125 0.05546875 0.06171875
1 0.34921875 0.29921875 0.04453125 0.03984375
1 0.28203125 0.56953125 0.08984375 0.1046875
1 0.35234375 0.8859375 0.10859375 0.17890625
0 0.7125 0.73125 0.08203125 0.13828125
0 0.3953125 0.3609375 0.0328125 0.046875
1 0.95859375 0.95859375 0.078125 0.08125
0 0.565625 0.55859375 0.05546875 0.08828125
0 0.31484375 0.265625 0.02421875 0.03046875
1 0.64921875 0.653125 0.06328125 0.1171875
1 0.4875 0.478125 0.0390625 0.0546875
1 0.340625 0.73828125 0.1140625 0.14609375
0 0.31171875 0.6015625 0.084375 0.0734375
0 0.4265625 0.43984375 0.04609375 0.06484375
0 0.384375 0.3984375 0.03203125 0.0421875
0 0.3796875 0.3421875 0.03125 0.03515625
0 0.365625 0.325 0.03125 0.03515625
1 0.3296875 0.284375 0.02890625 0.03515625