1 0.8625 0.89296875 0.1 0.17890625
1 0.71171875 0.72578125 0.0875 0.1390625
1 0.78359375 0.80390625 0.07265625 0.11875
1 0.3625 0.85703125 0.13359375 0.2046875
1 0.96484375 0.95703125 0.06875 0.08359375
1 0.60625 0.590625 0.07421875 0.1
1 0.3609375 0.3109375 0.04453125 0.04140625
1 0.328125 0.76015625 0.12890625 0.15703125
1 0.5625 0.5453125 0.0796875 0.10390625
1 0.65390625 0.65078125 0.08359375 0.128125
1 0.475 0.440625 0.05703125 0.06328125
1 0.4953125 0.47421875 0.05078125 0.06171875
1 0.3953125 0.3640625 0.06015625 0.0640625
1 0.5328125 0.503125 0.0625 0.0765625
1 0.32734375 0.64765625 0.078125 0.065625
1 0.3078125 0.60390625 0.06640625 0.03984375
1 0.28828125 0.55234375 0.0640625 0.05859375
1 0.2609375 0.5078125 0.04921875 0.03671875
1 0.45 0.41640625 0.0515625 0.0625
1 0.4234375 0.3875 0.05546875 0.065625
0 0.3828125 0.33515625 0.03125 0.046875
0 0.340625 0.29453125 0.0296875 0.03671875