1 0.76953125 0.79140625 0.07734375 0.12578125
1 0.6078125 0.590625 0.06328125 0.0859375
1 0.70390625 0.7234375 0.07578125 0.109375
1 0.8640625 0.91796875 0.08203125 0.134375
1 0.5265625 0.50390625 0.0671875 0.08203125
1 0.32265625 0.76015625 0.11953125 0.1609375
1 0.28359375 0.64140625 0.08515625 0.09609375
1 0.41953125 0.39140625 0.05234375 0.05703125
0 0.3703125 0.36875 0.03671875 0.05859375
1 0.37109375 0.32890625 0.04296875 0.046875
1 0.46875 0.44453125 0.05625 0.06171875
1 0.33125 0.28125 0.03671875 0.03828125
1 0.9625 0.959375 0.07109375 0.07890625
0 0.4359375 0.43359375 0.03671875 0.05078125
1 0.64765625 0.64453125 0.0640625 0.1109375
1 0.55703125 0.55390625 0.0640625 0.10078125
1 0.4921875 0.47421875 0.0375 0.0609375
1 0.39921875 0.371875 0.04140625 0.05625
0 0.340625 0.33515625 0.02578125 0.03359375
1 0.3484375 0.296875 0.04609375 0.0328125
1 0.3234375 0.26171875 0.0296875 0.04140625
0 0.2984375 0.27421875 0.0203125 0.028125
1 0.359375 0.85625 0.13984375 0.14140625
1 0.30625 0.66640625 0.10078125 0.10234375
1 0.26953125 0.56484375 0.0796875 0.08828125