1 0.86171875 0.89140625 0.10078125 0.17578125
1 0.96484375 0.95703125 0.06953125 0.08359375
1 0.78359375 0.80859375 0.07265625 0.12421875
1 0.7125 0.7265625 0.08671875 0.13828125
1 0.60625 0.59140625 0.07421875 0.1015625
1 0.6546875 0.64765625 0.08515625 0.1234375
1 0.5625 0.54453125 0.07890625 0.103125
1 0.475 0.440625 0.05546875 0.06328125
1 0.28828125 0.63359375 0.084375 0.10078125
1 0.49609375 0.478125 0.05703125 0.065625
1 0.53203125 0.50234375 0.0625 0.07890625
0 0.409375 0.834375 0.09921875 0.14609375
0 0.3671875 0.75234375 0.09375 0.13125
0 0.33515625 0.6828125 0.0890625 0.109375
1 0.28359375 0.54765625 0.07109375 0.06640625
1 0.44921875 0.4125 0.05390625 0.053125
1 0.42109375 0.38984375 0.059375 0.07109375
1 0.390625 0.3671875 0.05234375 0.059375
1 0.37734375 0.32421875 0.0453125 0.04921875
1 0.359375 0.309375 0.0453125 0.03984375