1 0.60703125 0.590625 0.06328125 0.0859375
1 0.7703125 0.79296875 0.0765625 0.1265625
1 0.70390625 0.7234375 0.07578125 0.109375
1 0.8640625 0.91796875 0.08203125 0.134375
1 0.5265625 0.50390625 0.0671875 0.08203125
1 0.3234375 0.76015625 0.11875 0.1609375
1 0.46875 0.44453125 0.05625 0.06171875
1 0.28359375 0.64140625 0.08515625 0.09609375
1 0.41953125 0.39140625 0.05234375 0.05703125
1 0.37109375 0.32890625 0.04296875 0.046875
1 0.33125 0.28203125 0.03359375 0.03671875
1 0.96328125 0.96015625 0.07109375 0.078125
1 0.35859375 0.8765625 0.13125 0.146875
1 0.303125 0.66796875 0.11015625 0.09921875
1 0.278125 0.565625 0.0875 0.0859375
1 0.653125 0.64375 0.078125 0.090625
1 0.559375 0.5546875 0.06484375 0.08828125
1 0.496875 0.471875 0.05 0.06015625
0 0.4359375 0.42890625 0.03828125 0.059375
1 0.39765625 0.375 0.03515625 0.05078125
0 0.375 0.365625 0.03359375 0.04921875
1 0.34765625 0.29921875 0.04375 0.03515625
0 0.3421875 0.334375 0.028125 0.05
1 0.321875 0.2640625 0.02890625 0.04140625
0 0.2984375 0.27109375 0.02734375 0.03671875