1 0.4640625 0.44765625 0.0578125 0.0546875
1 0.60859375 0.5984375 0.059375 0.078125
1 0.5296875 0.50390625 0.06484375 0.0734375
1 0.32578125 0.790625 0.11796875 0.14375
0 0.8625 0.90859375 0.12578125 0.17890625
1 0.3359375 0.27890625 0.03671875 0.04140625
1 0.28046875 0.640625 0.08984375 0.1140625
0 0.6515625 0.67109375 0.08828125 0.121875
0 0.5640625 0.56640625 0.0640625 0.09453125
0 0.49296875 0.48828125 0.04765625 0.06796875
0 0.34921875 0.30703125 0.03515625 0.040625
0 0.409375 0.3859375 0.05 0.04609375
0 0.39453125 0.36171875 0.03515625 0.04609375
0 0.95390625 0.96015625 0.09140625 0.0796875
0 0.7734375 0.83828125 0.10546875 0.1546875
0 0.7015625 0.74921875 0.096875 0.1359375
1 0.38359375 0.8390625 0.11640625 0.14921875
1 0.31484375 0.66875 0.06796875 0.0984375
1 0.29921875 0.55234375 0.071875 0.0953125
1 0.434375 0.4203125 0.03671875 0.04453125
0 0.38046875 0.3453125 0.03984375 0.02734375
0 0.36328125 0.32265625 0.03828125 0.03515625
1 0.31328125 0.27109375 0.02265625 0.03515625
1 0.303125 0.2546875 0.02109375 0.03828125