1 0.76953125 0.79140625 0.07578125 0.12578125
1 0.5265625 0.50625 0.06640625 0.0859375
1 0.41953125 0.39140625 0.0515625 0.05703125
1 0.8640625 0.91796875 0.0828125 0.1359375
1 0.3234375 0.76015625 0.1203125 0.1609375
1 0.37109375 0.33125 0.04375 0.046875
1 0.46875 0.44453125 0.05546875 0.0640625
0 0.65546875 0.66953125 0.08203125 0.1234375
1 0.309375 0.66640625 0.10703125 0.10390625
1 0.28359375 0.64140625 0.084375 0.0984375
1 0.6078125 0.58984375 0.0640625 0.0890625
1 0.25625 0.528125 0.0703125 0.0796875
0 0.9515625 0.95703125 0.09375 0.08359375
1 0.32578125 0.26640625 0.03359375 0.0390625
0 0.56171875 0.565625 0.05859375 0.09140625
0 0.290625 0.56953125 0.08125 0.07109375
0 0.7109375 0.75 0.08359375 0.14453125
1 0.36328125 0.878125 0.1015625 0.16015625
1 0.4953125 0.47578125 0.03515625 0.0640625
0 0.434375 0.43046875 0.04609375 0.06953125
0 0.38828125 0.35859375 0.04453125 0.05
0 0.3421875 0.3375 0.02265625 0.03671875
1 0.35 0.2984375 0.046875 0.04296875
0 0.31953125 0.3046875 0.0234375 0.03125
1 0.31015625 0.25546875 0.028125 0.0375