1 0.76953125 0.79140625 0.0765625 0.12578125
1 0.6078125 0.590625 0.0640625 0.0859375
1 0.5265625 0.50546875 0.06640625 0.08515625
1 0.8640625 0.91796875 0.08203125 0.134375
1 0.33671875 0.74296875 0.12421875 0.1296875
1 0.3046875 0.69140625 0.10078125 0.128125
1 0.3484375 0.29921875 0.04453125 0.03984375
1 0.40078125 0.3640625 0.05859375 0.0609375
1 0.46796875 0.44609375 0.05703125 0.0609375
1 0.35390625 0.8859375 0.1078125 0.1765625
0 0.7109375 0.73203125 0.08359375 0.128125
0 0.56328125 0.56171875 0.05859375 0.0890625
1 0.96328125 0.96015625 0.06953125 0.078125
1 0.28984375 0.6078125 0.0953125 0.0875
1 0.2828125 0.55703125 0.090625 0.0796875
0 0.3796875 0.34140625 0.02890625 0.0390625
1 0.646875 0.64921875 0.0625 0.11328125
1 0.4921875 0.47890625 0.03671875 0.065625
1 0.4421875 0.41484375 0.0390625 0.05546875
1 0.41796875 0.38984375 0.05390625 0.05390625
1 0.33203125 0.28359375 0.03671875 0.04453125
0 0.36328125 0.32265625 0.028125 0.0328125
0 0.3046875 0.29375 0.021875 0.02890625
0 0.30546875 0.2734375 0.034375 0.02265625