1 0.7703125 0.79140625 0.0765625 0.12578125
1 0.6078125 0.590625 0.0640625 0.08828125
1 0.5265625 0.50625 0.06640625 0.0859375
1 0.30546875 0.69140625 0.10078125 0.13125
1 0.8640625 0.91796875 0.08203125 0.1359375
1 0.41953125 0.39140625 0.0515625 0.05703125
1 0.28125 0.56953125 0.09296875 0.1046875
1 0.46875 0.44453125 0.05546875 0.06171875
1 0.3484375 0.29921875 0.04296875 0.03984375
1 0.35390625 0.8859375 0.10703125 0.1765625
0 0.7109375 0.73203125 0.08359375 0.13359375
0 0.5625 0.56484375 0.05625 0.0890625
1 0.96328125 0.96015625 0.07265625 0.078125
0 0.3625 0.753125 0.11015625 0.128125
0 0.38203125 0.36875 0.05078125 0.040625
0 0.31015625 0.6109375 0.078125 0.06171875
0 0.3078125 0.27265625 0.03046875 0.0234375
1 0.64921875 0.64765625 0.07265625 0.0921875
1 0.4921875 0.4734375 0.04453125 0.07734375
0 0.43125 0.43828125 0.04453125 0.06328125
0 0.37890625 0.3453125 0.0390625 0.03046875
0 0.36171875 0.325 0.03671875 0.02421875
1 0.3328125 0.27734375 0.034375 0.03203125
0 0.3078125 0.2890625 0.02109375 0.028125