1 0.86328125 0.89609375 0.0984375 0.18203125
1 0.44765625 0.4171875 0.05078125 0.05859375
1 0.3265625 0.77421875 0.1234375 0.16015625
1 0.365625 0.86484375 0.1171875 0.1984375
1 0.71640625 0.71796875 0.07734375 0.1203125
1 0.6546875 0.65 0.084375 0.1296875
1 0.40546875 0.365625 0.0546875 0.06328125
1 0.60625 0.59140625 0.0734375 0.10390625
1 0.5328125 0.509375 0.05546875 0.0734375
1 0.25546875 0.528125 0.06640625 0.090625
0 0.9546875 0.95234375 0.090625 0.0953125
0 0.78984375 0.80703125 0.1109375 0.15390625
1 0.56171875 0.5453125 0.07421875 0.10625
0 0.5 0.48203125 0.0515625 0.075
0 0.47734375 0.45625 0.04921875 0.07109375
0 0.42109375 0.390625 0.040625 0.05546875
0 0.3828125 0.3421875 0.03203125 0.04921875
0 0.36875 0.32578125 0.0265625 0.03828125
0 0.35390625 0.3078125 0.025 0.0375
0 0.34140625 0.2921875 0.021875 0.03359375
0 0.33046875 0.278125 0.0203125 0.0296875
0 0.31875 0.26640625 0.0203125 0.03203125
0 0.33359375 0.67421875 0.10625 0.09921875
0 0.3140625 0.6328125 0.09296875 0.10625
0 0.2875 0.57578125 0.08203125 0.08984375