1 0.35390625 0.734375 0.12578125 0.165625
1 0.8625 0.8921875 0.1 0.1765625
1 0.7125 0.72578125 0.08671875 0.1390625
1 0.78359375 0.80859375 0.07265625 0.125
1 0.96484375 0.95703125 0.06875 0.08359375
1 0.60625 0.590625 0.07421875 0.1
1 0.6546875 0.64921875 0.08515625 0.1265625
1 0.5625 0.5484375 0.0796875 0.11015625
1 0.5328125 0.503125 0.0640625 0.07890625
1 0.475 0.44140625 0.05546875 0.06484375
1 0.49765625 0.48046875 0.0609375 0.06953125
1 0.4515625 0.41015625 0.04609375 0.05546875
1 0.43125 0.378125 0.046875 0.040625
1 0.40859375 0.353125 0.053125 0.0390625
1 0.37734375 0.3296875 0.0421875 0.04609375
1 0.359375 0.3140625 0.03515625 0.05
0 0.40546875 0.83046875 0.0984375 0.1421875
1 0.31015625 0.6734375 0.1140625 0.11640625
1 0.2953125 0.60859375 0.08203125 0.06953125
1 0.28671875 0.55390625 0.071875 0.06875