1 0.79375 0.578125 0.1265625 0.19296875
1 0.38671875 0.28046875 0.075 0.06875
1 0.59921875 0.4234375 0.14140625 0.16875
1 0.4609375 0.33046875 0.06640625 0.08125
1 0.94296875 0.73125 0.11328125 0.33359375
1 0.68359375 0.475 0.10625 0.2046875
1 0.52890625 0.38828125 0.05078125 0.10625
1 0.49140625 0.35234375 0.065625 0.0859375
1 0.41875 0.30625 0.04453125 0.05859375
1 0.27265625 0.215625 0.03046875 0.05
1 0.29296875 0.23046875 0.02109375 0.053125
1 0.30703125 0.24453125 0.02578125 0.0484375
1 0.3359375 0.25859375 0.03046875 0.05
0 0.221875 0.4109375 0.090625 0.1140625
1 0.20546875 0.32890625 0.059375 0.12421875
0 0.29765625 0.82578125 0.21640625 0.32265625
0 0.265625 0.62734375 0.16015625 0.184375
0 0.23203125 0.4921875 0.1015625 0.15078125