1 0.365625 0.86484375 0.11796875 0.2
1 0.71640625 0.71796875 0.078125 0.1203125
0 0.46875 0.45625 0.065625 0.05625
0 0.40703125 0.41875 0.03671875 0.071875
1 0.44765625 0.41796875 0.05078125 0.05859375
1 0.53359375 0.5109375 0.05859375 0.0765625
1 0.603125 0.59375 0.0671875 0.10703125
1 0.25546875 0.52890625 0.06640625 0.096875
1 0.40546875 0.365625 0.0546875 0.06328125
0 0.953125 0.9640625 0.09375 0.071875
0 0.85 0.90390625 0.12265625 0.1421875
0 0.77421875 0.8140625 0.10703125 0.1390625
0 0.6546875 0.67890625 0.08515625 0.109375
0 0.56171875 0.57109375 0.06328125 0.0859375
0 0.49140625 0.5015625 0.059375 0.059375
0 0.3703125 0.3453125 0.04921875 0.03515625
0 0.359375 0.3296875 0.05234375 0.0265625
0 0.346875 0.3109375 0.0453125 0.028125
0 0.33359375 0.2984375 0.0484375 0.0234375
0 0.3234375 0.2859375 0.04609375 0.02734375
0 0.30859375 0.26796875 0.04140625 0.02734375
0 0.365625 0.73515625 0.1078125 0.10390625
0 0.33515625 0.68125 0.08671875 0.1078125
0 0.3171875 0.62109375 0.10234375 0.078125
0 0.29453125 0.56796875 0.07265625 0.0859375