1 0.6078125 0.590625 0.0640625 0.08828125
1 0.7703125 0.79140625 0.0765625 0.12578125
1 0.5265625 0.50625 0.06640625 0.0859375
1 0.8640625 0.91796875 0.0828125 0.134375
1 0.32421875 0.76015625 0.11875 0.1609375
1 0.46875 0.44453125 0.05546875 0.0640625
1 0.37109375 0.33125 0.04375 0.046875
1 0.41875 0.39140625 0.0515625 0.05703125
1 0.30625 0.66640625 0.12109375 0.0703125
1 0.28359375 0.640625 0.08515625 0.096875
0 0.7125 0.72890625 0.08125 0.13046875
1 0.25625 0.528125 0.0734375 0.07578125
0 0.565625 0.55859375 0.05625 0.08828125
1 0.33125 0.28125 0.03828125 0.03984375
1 0.953125 0.95859375 0.08984375 0.08046875
0 0.29140625 0.56875 0.07578125 0.0796875
1 0.6484375 0.64921875 0.0640625 0.109375
1 0.49765625 0.475 0.04921875 0.06875
1 0.396875 0.37109375 0.040625 0.053125
1 0.34921875 0.30078125 0.03828125 0.03125
1 0.35859375 0.871875 0.10859375 0.1578125
0 0.4359375 0.42421875 0.04140625 0.0625
0 0.37109375 0.36484375 0.034375 0.0546875
0 0.33984375 0.3328125 0.0265625 0.04296875
0 0.3015625 0.271875 0.0234375 0.03125
1 0.3234375 0.2625 0.0359375 0.040625