1 0.86328125 0.89375 0.1 0.1796875
1 0.36171875 0.85703125 0.134375 0.20546875
1 0.78359375 0.80546875 0.07265625 0.11953125
1 0.71171875 0.72578125 0.0875 0.1390625
1 0.96484375 0.95703125 0.06953125 0.084375
1 0.60625 0.59140625 0.07421875 0.10078125
1 0.6546875 0.6484375 0.08515625 0.1265625
1 0.328125 0.76328125 0.12890625 0.16328125
1 0.5625 0.54453125 0.0796875 0.10390625
1 0.4734375 0.43984375 0.05546875 0.0640625
1 0.5296875 0.50234375 0.0546875 0.078125
1 0.49375 0.47734375 0.0609375 0.0609375
1 0.44765625 0.41015625 0.046875 0.04375
1 0.42109375 0.38828125 0.0515625 0.0609375
1 0.3921875 0.365625 0.05 0.0671875
1 0.37421875 0.32734375 0.046875 0.04140625
1 0.359375 0.31171875 0.03984375 0.04765625
1 0.30859375 0.65703125 0.1140625 0.09140625
1 0.30078125 0.603125 0.07890625 0.05
1 0.28125 0.559375 0.08515625 0.075