1 0.8625 0.89140625 0.1 0.17578125
1 0.78359375 0.80859375 0.07265625 0.125
1 0.96484375 0.95703125 0.06953125 0.08359375
1 0.60546875 0.590625 0.07421875 0.09921875
1 0.71171875 0.72578125 0.08828125 0.1390625
1 0.65390625 0.64921875 0.08515625 0.1265625
1 0.328125 0.76328125 0.12734375 0.16640625
1 0.5625 0.54453125 0.07890625 0.10390625
1 0.47578125 0.4390625 0.05546875 0.06015625
1 0.496875 0.47890625 0.06171875 0.06484375
1 0.53203125 0.5015625 0.06171875 0.078125
1 0.44765625 0.41484375 0.046875 0.0546875
1 0.4203125 0.3859375 0.05 0.06953125
1 0.3953125 0.36953125 0.05859375 0.06171875
1 0.375 0.3296875 0.04140625 0.0484375
1 0.35703125 0.30625 0.0421875 0.05078125
0 0.40703125 0.8203125 0.121875 0.15625
1 0.321875 0.65546875 0.09609375 0.0984375
1 0.29609375 0.61015625 0.08046875 0.053125
1 0.28828125 0.55390625 0.08828125 0.0765625