1 0.76953125 0.79140625 0.07734375 0.12578125
1 0.6078125 0.590625 0.06328125 0.0859375
1 0.70390625 0.7234375 0.075 0.10703125
1 0.86328125 0.91796875 0.08125 0.134375
1 0.5265625 0.50390625 0.0671875 0.084375
1 0.3234375 0.76015625 0.11953125 0.1609375
0 0.43984375 0.434375 0.053125 0.06171875
1 0.46875 0.44453125 0.05625 0.06171875
1 0.41953125 0.39140625 0.05234375 0.05703125
0 0.3703125 0.37265625 0.03203125 0.05234375
0 0.34296875 0.3296875 0.03046875 0.05625
1 0.37109375 0.33046875 0.04375 0.0484375
1 0.28359375 0.6421875 0.084375 0.0953125
1 0.3484375 0.30390625 0.046875 0.0328125
0 0.29609375 0.2765625 0.02578125 0.0375
1 0.33125 0.28046875 0.0375 0.0390625
1 0.96328125 0.95703125 0.07109375 0.084375
1 0.27265625 0.56796875 0.0796875 0.0890625
1 0.25703125 0.515625 0.06953125 0.05625
1 0.65234375 0.65 0.07109375 0.103125
1 0.36171875 0.86875 0.11796875 0.15625
1 0.31953125 0.66171875 0.09765625 0.07421875
1 0.55703125 0.553125 0.06796875 0.09453125
1 0.4953125 0.47265625 0.046875 0.06796875
1 0.3953125 0.36640625 0.03671875 0.05546875
1 0.32578125 0.25625 0.03046875 0.04140625