1 0.8625 0.89375 0.09921875 0.1796875
1 0.78359375 0.809375 0.07265625 0.1265625
1 0.7125 0.72578125 0.08671875 0.1390625
1 0.96484375 0.95703125 0.06953125 0.08359375
1 0.28828125 0.634375 0.08203125 0.10078125
1 0.60546875 0.59140625 0.07421875 0.10078125
1 0.6546875 0.64921875 0.08515625 0.1265625
1 0.475 0.44140625 0.05546875 0.0640625
1 0.5625 0.54609375 0.0796875 0.10390625
1 0.525 0.51015625 0.0734375 0.078125
1 0.496875 0.478125 0.05703125 0.06484375
1 0.44921875 0.41015625 0.05234375 0.05390625
1 0.42578125 0.38515625 0.06328125 0.0578125
1 0.39375 0.365625 0.05703125 0.06953125
1 0.378125 0.33125 0.05703125 0.0546875
1 0.35703125 0.30859375 0.04296875 0.05703125
0 0.4109375 0.83984375 0.121875 0.1390625
0 0.37421875 0.75078125 0.08828125 0.1078125
0 0.3390625 0.67734375 0.0703125 0.1015625
0 0.28203125 0.53203125 0.0625 0.0625