1 0.76953125 0.79296875 0.07578125 0.1265625
1 0.6078125 0.590625 0.0640625 0.08828125
1 0.5265625 0.50625 0.06640625 0.084375
1 0.8640625 0.91875 0.08203125 0.13515625
1 0.41953125 0.39140625 0.0515625 0.05703125
1 0.46875 0.44453125 0.05546875 0.0640625
1 0.32890625 0.73125 0.11953125 0.15859375
1 0.34921875 0.29921875 0.04453125 0.03984375
1 0.28203125 0.56953125 0.0921875 0.1046875
0 0.7109375 0.73359375 0.08359375 0.1359375
0 0.5625 0.56171875 0.05703125 0.0890625
1 0.9625 0.95859375 0.0734375 0.08046875
1 0.31796875 0.26953125 0.01953125 0.0265625
0 0.39453125 0.36328125 0.03203125 0.04140625
0 0.31171875 0.60859375 0.06875 0.0640625
1 0.6515625 0.65 0.0734375 0.1078125
1 0.50234375 0.47109375 0.05625 0.0671875
0 0.4359375 0.42109375 0.04609375 0.05859375
0 0.3859375 0.39921875 0.0296875 0.0421875
0 0.37890625 0.34375 0.0296875 0.04296875
0 0.365625 0.32421875 0.02734375 0.040625
1 0.328125 0.2828125 0.03046875 0.04140625
0 0.30078125 0.27109375 0.025 0.028125
1 0.3578125 0.85859375 0.12109375 0.1421875
1 0.309375 0.66015625 0.090625 0.1109375