1 0.6078125 0.5984375 0.0609375 0.0796875
1 0.5296875 0.50390625 0.06484375 0.0734375
1 0.4640625 0.44609375 0.05703125 0.05546875
1 0.32578125 0.790625 0.11796875 0.14375
1 0.33515625 0.27890625 0.0375 0.04140625
1 0.28046875 0.640625 0.09296875 0.1140625
0 0.65390625 0.67109375 0.0828125 0.11875
0 0.86171875 0.9140625 0.12421875 0.16875
0 0.56484375 0.56953125 0.06328125 0.09921875
0 0.4109375 0.390625 0.0375 0.0515625
0 0.49453125 0.48515625 0.04609375 0.0703125
0 0.3515625 0.3296875 0.02890625 0.034375
0 0.3390625 0.3078125 0.03046875 0.04375
0 0.38203125 0.36640625 0.0296875 0.04375
0 0.9546875 0.965625 0.090625 0.06875
0 0.77734375 0.840625 0.09765625 0.1703125
0 0.70546875 0.76015625 0.08671875 0.1234375
1 0.38984375 0.85078125 0.10703125 0.13828125
1 0.30859375 0.67734375 0.078125 0.090625
1 0.29296875 0.54921875 0.07734375 0.08203125
1 0.43125 0.41953125 0.04140625 0.06328125
0 0.3640625 0.34921875 0.03046875 0.0359375
1 0.3140625 0.2703125 0.02578125 0.0296875
1 0.30703125 0.2484375 0.03125 0.03828125