1 0.6078125 0.5984375 0.06015625 0.0796875
1 0.4296875 0.421875 0.04921875 0.0625
1 0.4640625 0.44609375 0.0578125 0.05546875
1 0.5296875 0.50390625 0.06484375 0.0734375
1 0.32578125 0.790625 0.11796875 0.14375
1 0.35546875 0.31171875 0.04453125 0.0484375
1 0.28046875 0.640625 0.08984375 0.1140625
0 0.95078125 0.95859375 0.09375 0.08046875
0 0.65234375 0.67109375 0.084375 0.11875
0 0.86171875 0.91875 0.12265625 0.1609375
0 0.5625 0.57109375 0.0671875 0.09609375
1 0.3140625 0.2671875 0.02734375 0.034375
1 0.31171875 0.25390625 0.03828125 0.03828125
0 0.37109375 0.34140625 0.04609375 0.04296875
0 0.490625 0.490625 0.04609375 0.06171875
0 0.3984375 0.3890625 0.04765625 0.04609375
0 0.78203125 0.8421875 0.109375 0.1515625
0 0.7078125 0.7515625 0.0953125 0.15078125
1 0.38203125 0.8421875 0.10625 0.1359375
1 0.31015625 0.675 0.0828125 0.10546875
1 0.2890625 0.54609375 0.07734375 0.07734375
0 0.38046875 0.3734375 0.0359375 0.03828125
1 0.32890625 0.28125 0.0234375 0.0359375