1 0.76953125 0.79140625 0.07578125 0.12578125
1 0.5265625 0.50625 0.06640625 0.08203125
1 0.60703125 0.590625 0.06328125 0.0859375
1 0.30546875 0.69140625 0.1 0.1296875
1 0.41953125 0.39140625 0.0515625 0.05703125
1 0.8640625 0.91796875 0.0828125 0.1359375
1 0.46875 0.44453125 0.05546875 0.06171875
1 0.2828125 0.56953125 0.0890625 0.1046875
1 0.34921875 0.29921875 0.04453125 0.03984375
1 0.353125 0.8859375 0.1078125 0.1765625
0 0.7109375 0.740625 0.08203125 0.13046875
0 0.5625 0.5640625 0.05703125 0.090625
1 0.95546875 0.95859375 0.08671875 0.08125
0 0.31171875 0.609375 0.07109375 0.0609375
0 0.37421875 0.37734375 0.03984375 0.0359375
1 0.34375 0.7484375 0.09921875 0.16484375
1 0.64921875 0.6515625 0.06171875 0.11015625
1 0.4890625 0.47890625 0.0390625 0.0671875
0 0.4265625 0.440625 0.040625 0.0609375
0 0.3875 0.3984375 0.0328125 0.04609375
0 0.36328125 0.35625 0.04453125 0.0359375
0 0.3484375 0.33671875 0.040625 0.03046875
1 0.3296875 0.28359375 0.03203125 0.04296875
0 0.3046875 0.29140625 0.025 0.02578125
0 0.309375 0.27578125 0.03671875 0.0234375