1 0.76953125 0.79140625 0.0765625 0.12578125
1 0.6078125 0.590625 0.0640625 0.08828125
1 0.5265625 0.50625 0.06640625 0.0859375
1 0.8640625 0.91796875 0.08203125 0.134375
1 0.3234375 0.76015625 0.11796875 0.1609375
1 0.31328125 0.6640625 0.11015625 0.09140625
1 0.2828125 0.640625 0.0859375 0.096875
1 0.46796875 0.44453125 0.05625 0.0640625
1 0.41953125 0.39140625 0.05234375 0.05703125
1 0.37109375 0.33046875 0.04296875 0.04609375
0 0.71171875 0.73203125 0.08359375 0.13671875
0 0.29140625 0.56875 0.08203125 0.0703125
1 0.33125 0.28203125 0.03671875 0.0390625
1 0.96015625 0.95703125 0.0765625 0.08359375
0 0.56171875 0.56640625 0.05703125 0.090625
1 0.65390625 0.65234375 0.0671875 0.1046875
1 0.35859375 0.85859375 0.13203125 0.15390625
1 0.2640625 0.525 0.0734375 0.0671875
1 0.4984375 0.48125 0.046875 0.0765625
0 0.4375 0.421875 0.04140625 0.05546875
1 0.3984375 0.36875 0.04296875 0.053125
0 0.3734375 0.36875 0.0296875 0.05078125
0 0.34375 0.33359375 0.0234375 0.04140625
1 0.35078125 0.296875 0.04375 0.04375
1 0.325 0.26796875 0.03203125 0.04609375
0 0.29921875 0.275 0.0234375 0.0328125