1 0.7703125 0.79140625 0.0765625 0.12578125
1 0.5265625 0.50625 0.06640625 0.0859375
1 0.8640625 0.91875 0.08203125 0.13515625
0 0.65546875 0.66796875 0.08046875 0.125
0 0.4296875 0.43984375 0.02890625 0.05703125
1 0.46875 0.44453125 0.05625 0.06171875
1 0.60703125 0.590625 0.0625 0.08828125
1 0.41953125 0.39140625 0.05234375 0.05703125
1 0.3234375 0.76015625 0.1203125 0.1609375
1 0.37109375 0.33046875 0.04375 0.04609375
1 0.284375 0.64140625 0.08359375 0.0984375
1 0.32578125 0.26640625 0.03515625 0.03671875
1 0.2578125 0.528125 0.07109375 0.078125
0 0.5625 0.56328125 0.05859375 0.09140625
0 0.29140625 0.57109375 0.0765625 0.07421875
1 0.95625 0.95703125 0.08046875 0.084375
0 0.6984375 0.73125 0.0796875 0.1234375
1 0.3578125 0.88046875 0.12109375 0.17578125
1 0.31640625 0.659375 0.09765625 0.078125
1 0.49296875 0.47265625 0.04453125 0.0609375
1 0.39453125 0.375 0.0375 0.0671875
0 0.3734375 0.37265625 0.025 0.05
0 0.340625 0.3359375 0.01953125 0.040625
1 0.34765625 0.3015625 0.0359375 0.0359375
0 0.31796875 0.30234375 0.025 0.03828125
0 0.2984375 0.2765625 0.0203125 0.02578125