1 0.6078125 0.59921875 0.06015625 0.07890625
1 0.46328125 0.44765625 0.05703125 0.0546875
1 0.32578125 0.790625 0.11796875 0.14375
1 0.5296875 0.50390625 0.06484375 0.0734375
1 0.42109375 0.38984375 0.05390625 0.05
1 0.28046875 0.640625 0.09140625 0.115625
0 0.8609375 0.91015625 0.1234375 0.178125
1 0.3359375 0.27890625 0.03671875 0.04140625
0 0.65 0.67109375 0.08828125 0.11875
0 0.35703125 0.328125 0.0453125 0.0296875
0 0.55703125 0.5734375 0.0703125 0.08671875
0 0.3859375 0.36796875 0.0484375 0.03828125
0 0.48515625 0.49453125 0.05234375 0.05859375
0 0.946875 0.959375 0.10625 0.08125
0 0.784375 0.84765625 0.1234375 0.1765625
0 0.70234375 0.746875 0.1046875 0.14609375
1 0.37578125 0.840625 0.1171875 0.20390625
1 0.30703125 0.67421875 0.075 0.096875
1 0.28671875 0.54921875 0.08671875 0.0796875
1 0.43203125 0.41328125 0.03515625 0.05625
0 0.37890625 0.34296875 0.034375 0.02890625
0 0.35234375 0.30625 0.034375 0.02421875
1 0.3140625 0.26875 0.01953125 0.0390625
1 0.30390625 0.253125 0.021875 0.03359375