1 0.86328125 0.8953125 0.09921875 0.18125
1 0.71640625 0.71640625 0.07734375 0.11875
1 0.365625 0.8640625 0.11796875 0.19609375
1 0.32734375 0.775 0.121875 0.1609375
1 0.40546875 0.365625 0.0546875 0.06328125
1 0.44765625 0.4171875 0.05078125 0.05859375
1 0.60625 0.59296875 0.0734375 0.10703125
1 0.25546875 0.5234375 0.0671875 0.09296875
1 0.53359375 0.5109375 0.05859375 0.075
0 0.94140625 0.9328125 0.1015625 0.134375
0 0.784375 0.80703125 0.11328125 0.1890625
1 0.65546875 0.65234375 0.09296875 0.15859375
0 0.56484375 0.56015625 0.065625 0.103125
0 0.49921875 0.48828125 0.0578125 0.08046875
0 0.4734375 0.45390625 0.0546875 0.07890625
0 0.428125 0.38515625 0.0359375 0.053125
0 0.38671875 0.33671875 0.03125 0.04609375
0 0.36953125 0.32109375 0.0296875 0.040625
0 0.3546875 0.30703125 0.0328125 0.04453125
0 0.3453125 0.290625 0.03359375 0.0453125
0 0.33203125 0.2796875 0.0296875 0.03984375
0 0.31640625 0.26796875 0.025 0.034375
0 0.3296875 0.66875 0.08046875 0.09453125
0 0.31015625 0.62578125 0.071875 0.09453125
0 0.29140625 0.5796875 0.0734375 0.1078125