1 0.76953125 0.79140625 0.0765625 0.12578125
1 0.5265625 0.50625 0.06640625 0.0859375
1 0.86484375 0.91875 0.08203125 0.13515625
1 0.41953125 0.39140625 0.0515625 0.05703125
1 0.60703125 0.5890625 0.0625 0.0890625
1 0.3234375 0.76015625 0.1203125 0.1609375
1 0.37109375 0.33125 0.04296875 0.046875
0 0.64921875 0.67109375 0.09375 0.121875
1 0.28359375 0.640625 0.084375 0.09921875
1 0.46875 0.44453125 0.05546875 0.0640625
1 0.25703125 0.528125 0.06953125 0.0796875
1 0.32578125 0.26640625 0.03359375 0.03671875
0 0.29296875 0.565625 0.08671875 0.0546875
0 0.4328125 0.43828125 0.03984375 0.05625
0 0.55625 0.56953125 0.0671875 0.08828125
1 0.96328125 0.95859375 0.07265625 0.08046875
0 0.38671875 0.36171875 0.04453125 0.04609375
1 0.48984375 0.4796875 0.034375 0.0625
1 0.35078125 0.87578125 0.128125 0.18125
1 0.3078125 0.6703125 0.1046875 0.10625
0 0.703125 0.7359375 0.08203125 0.11171875
0 0.38359375 0.39609375 0.03359375 0.04765625
0 0.33828125 0.3375 0.0296875 0.03515625
1 0.3484375 0.3015625 0.04609375 0.03671875
0 0.31875 0.30234375 0.0234375 0.03515625
0 0.29765625 0.278125 0.021875 0.02578125