1 0.35546875 0.8703125 0.11484375 0.17421875
1 0.78359375 0.8046875 0.08671875 0.13515625
1 0.3203125 0.7640625 0.10234375 0.1453125
1 0.30234375 0.68515625 0.1171875 0.140625
0 0.290625 0.6015625 0.09765625 0.08671875
1 0.26640625 0.58203125 0.084375 0.1140625
0 0.8671875 0.90703125 0.10078125 0.16171875
1 0.953125 0.9578125 0.09375 0.084375
0 0.7203125 0.73125 0.08359375 0.1109375
0 0.65859375 0.6671875 0.0828125 0.11171875
0 0.61171875 0.60859375 0.0734375 0.09765625
0 0.57109375 0.56328125 0.0640625 0.0875
0 0.53203125 0.52265625 0.0578125 0.0734375
0 0.5046875 0.48984375 0.0578125 0.065625
0 0.4765625 0.4515625 0.05703125 0.0609375
0 0.45859375 0.42734375 0.046875 0.05859375
0 0.43125 0.40078125 0.05234375 0.06015625
1 0.26015625 0.50859375 0.103125 0.08359375
1 0.24296875 0.46484375 0.10078125 0.0859375