1 0.35546875 0.8734375 0.115625 0.18359375
1 0.7875 0.79921875 0.07734375 0.13359375
1 0.32109375 0.7640625 0.103125 0.1453125
1 0.9625 0.9671875 0.075 0.065625
1 0.31171875 0.671875 0.1109375 0.11953125
1 0.28671875 0.6078125 0.07890625 0.06640625
1 0.275 0.55078125 0.07265625 0.06015625
1 0.271875 0.50390625 0.08125 0.0515625
1 0.26015625 0.45 0.07265625 0.06015625
0 0.86875 0.88984375 0.12109375 0.190625
0 0.725 0.72890625 0.09921875 0.1390625
0 0.6640625 0.6625 0.08515625 0.1265625
0 0.615625 0.61328125 0.07265625 0.10234375
0 0.56796875 0.56328125 0.06953125 0.0890625
0 0.53828125 0.521875 0.0625 0.090625
0 0.509375 0.4859375 0.05703125 0.0828125
0 0.48046875 0.45 0.0515625 0.06796875
0 0.459375 0.4265625 0.0484375 0.06328125
0 0.4375 0.39921875 0.0328125 0.04609375
0 0.41953125 0.37578125 0.0328125 0.04609375
0 0.4 0.35703125 0.03125 0.0484375
0 0.38359375 0.33828125 0.028125 0.04296875
0 0.3703125 0.31796875 0.02890625 0.040625
0 0.35859375 0.3046875 0.02421875 0.0375