0 0.965625 0.965625 0.06875 0.065625
0 0.9125 0.96796875 0.071875 0.0640625
0 0.85234375 0.9640625 0.07578125 0.071875
0 0.790625 0.96171875 0.07109375 0.075
0 0.72890625 0.9609375 0.06953125 0.06640625
0 0.66875 0.953125 0.0609375 0.0734375
0 0.6125 0.9546875 0.06171875 0.090625
0 0.54921875 0.946875 0.05234375 0.1046875
0 0.96015625 0.90234375 0.0765625 0.0640625
0 0.90703125 0.909375 0.078125 0.05546875
0 0.84765625 0.90078125 0.0765625 0.05078125
0 0.7921875 0.8921875 0.06796875 0.0578125
0 0.7390625 0.8890625 0.06171875 0.05625
1 0.6765625 0.8515625 0.053125 0.09609375
0 0.6234375 0.88125 0.05625 0.06640625
1 0.56171875 0.840625 0.0546875 0.1109375
0 0.93515625 0.79609375 0.0546875 0.0515625
1 0.8890625 0.77890625 0.04296875 0.0875
0 0.83828125 0.784375 0.05390625 0.0578125
0 0.78984375 0.78671875 0.0578125 0.04453125
0 0.740625 0.7796875 0.05546875 0.04296875
0 0.69296875 0.77578125 0.04921875 0.0390625
0 0.6421875 0.77421875 0.0546875 0.03671875
0 0.5984375 0.76875 0.04140625 0.03984375
0 0.92734375 0.753125 0.053125 0.03671875
0 0.83671875 0.74921875 0.0515625 0.034375
0 0.78984375 0.75 0.06015625 0.03671875
0 0.74453125 0.74375 0.05703125 0.03203125
0 0.69921875 0.7421875 0.0546875 0.04140625
0 0.65234375 0.7375 0.0515625 0.0375
0 0.60625 0.73125 0.0515625 0.03671875
0 0.95703125 0.68671875 0.0453125 0.03125
0 0.91796875 0.6859375 0.05 0.03359375
0 0.87421875 0.68125 0.04921875 0.0265625
0 0.83203125 0.678125 0.0453125 0.025
0 0.790625 0.67734375 0.04609375 0.028125
0 0.74921875 0.675 0.046875 0.0265625
0 0.70859375 0.6734375 0.046875 0.0296875
0 0.66640625 0.66875 0.04140625 0.02578125
0 0.6265625 0.66484375 0.04453125 0.034375