1 0.76953125 0.79296875 0.0765625 0.1265625
1 0.60703125 0.590625 0.06328125 0.08828125
1 0.5265625 0.50625 0.06640625 0.0859375
1 0.8640625 0.91796875 0.08203125 0.1359375
1 0.3234375 0.7609375 0.11875 0.16171875
1 0.46875 0.44453125 0.05546875 0.0640625
1 0.41875 0.39140625 0.0515625 0.05703125
0 0.37109375 0.3671875 0.02734375 0.0484375
1 0.37109375 0.32890625 0.04375 0.046875
1 0.3078125 0.65859375 0.11171875 0.0625
1 0.2828125 0.64140625 0.08515625 0.0984375
0 0.55859375 0.56796875 0.06484375 0.096875
0 0.71171875 0.73515625 0.08203125 0.1296875
1 0.33125 0.28125 0.03671875 0.03828125
1 0.96328125 0.96015625 0.07109375 0.078125
1 0.65390625 0.6546875 0.06171875 0.090625
1 0.3640625 0.87265625 0.11953125 0.1671875
1 0.27890625 0.5671875 0.090625 0.071875
1 0.49296875 0.471875 0.0328125 0.0484375
0 0.43203125 0.43359375 0.0390625 0.06171875
1 0.396875 0.371875 0.03046875 0.04140625
0 0.34296875 0.3328125 0.028125 0.0515625
1 0.34765625 0.3 0.0453125 0.03828125
1 0.32265625 0.26015625 0.028125 0.0375
0 0.29609375 0.275 0.025 0.0296875