1 0.76953125 0.79140625 0.07578125 0.12578125
1 0.5265625 0.50625 0.06640625 0.0859375
1 0.60703125 0.5890625 0.06328125 0.08671875
1 0.34375 0.753125 0.12734375 0.12890625
1 0.3046875 0.690625 0.10078125 0.13046875
1 0.8640625 0.91796875 0.0828125 0.1359375
1 0.41953125 0.39140625 0.0515625 0.05703125
1 0.46875 0.44453125 0.05625 0.06171875
1 0.28203125 0.56953125 0.08984375 0.103125
1 0.3484375 0.29921875 0.04296875 0.03984375
1 0.35390625 0.8859375 0.1078125 0.1765625
0 0.70234375 0.74765625 0.09453125 0.13984375
0 0.5609375 0.56640625 0.05859375 0.090625
1 0.9609375 0.959375 0.07734375 0.07890625
0 0.4359375 0.43203125 0.03984375 0.05546875
0 0.31640625 0.60703125 0.078125 0.06484375
1 0.65390625 0.6453125 0.0671875 0.121875
1 0.496875 0.47265625 0.04453125 0.06328125
0 0.39140625 0.3625 0.0359375 0.0453125
0 0.375 0.34140625 0.03046875 0.0390625
0 0.36171875 0.325 0.0296875 0.034375
1 0.33046875 0.28203125 0.03125 0.04140625
0 0.30703125 0.2921875 0.01875 0.0328125
0 0.309375 0.27109375 0.034375 0.03203125