1 0.86640625 0.8875 0.08125 0.1453125
1 0.32421875 0.78203125 0.10859375 0.15703125
1 0.5625 0.55546875 0.06640625 0.08125
1 0.7125 0.7171875 0.08203125 0.1359375
1 0.36328125 0.86875 0.11953125 0.2046875
1 0.60859375 0.59375 0.06484375 0.08984375
1 0.2796875 0.64765625 0.08671875 0.1109375
1 0.40546875 0.359375 0.0546875 0.0515625
1 0.40234375 0.4015625 0.04921875 0.05859375
1 0.65078125 0.64921875 0.07578125 0.1109375
1 0.49765625 0.471875 0.053125 0.06171875
1 0.4671875 0.434375 0.0578125 0.078125
1 0.26328125 0.5765625 0.10703125 0.10859375
1 0.78125 0.7921875 0.07421875 0.1234375
1 0.953125 0.9609375 0.09375 0.075
0 0.5234375 0.5375 0.05859375 0.08359375
0 0.43515625 0.403125 0.03125 0.04453125
0 0.37265625 0.34296875 0.046875 0.02578125
0 0.35859375 0.32734375 0.05078125 0.02421875
0 0.34765625 0.31015625 0.04296875 0.02265625
0 0.334375 0.29453125 0.04296875 0.01796875
0 0.3203125 0.2828125 0.046875 0.02265625
0 0.3109375 0.26796875 0.04140625 0.01875
0 0.328125 0.67890625 0.10390625 0.08359375