1 0.36640625 0.8640625 0.11796875 0.2
1 0.40859375 0.67265625 0.07421875 0.13203125
1 0.86328125 0.89453125 0.09921875 0.18046875
1 0.71640625 0.71640625 0.07734375 0.11875
1 0.6546875 0.64921875 0.084375 0.1265625
1 0.44765625 0.41796875 0.05078125 0.05625
1 0.60625 0.5921875 0.0734375 0.103125
1 0.5328125 0.50859375 0.05625 0.071875
1 0.25625 0.52578125 0.06484375 0.09375
1 0.4046875 0.36484375 0.05234375 0.0609375
1 0.4234375 0.38671875 0.06171875 0.06484375
0 0.78359375 0.80078125 0.11171875 0.16796875
0 0.5078125 0.48125 0.05078125 0.07578125
0 0.478125 0.44375 0.0421875 0.0671875
0 0.384375 0.34375 0.0265625 0.03984375
0 0.3703125 0.32421875 0.02890625 0.04375
0 0.35546875 0.3078125 0.03046875 0.04375
0 0.340625 0.29453125 0.0265625 0.03828125
0 0.33046875 0.278125 0.02421875 0.03359375
0 0.31875 0.26484375 0.021875 0.03359375
0 0.32109375 0.71953125 0.0890625 0.1265625
0 0.29140625 0.66015625 0.08203125 0.1140625
0 0.27578125 0.596875 0.0765625 0.11328125
0 0.9515625 0.94609375 0.096875 0.1046875
1 0.565625 0.55 0.0796875 0.1046875