1 0.7703125 0.79296875 0.0765625 0.1265625
1 0.5265625 0.50625 0.06640625 0.0859375
1 0.41953125 0.39140625 0.0515625 0.05703125
1 0.8640625 0.91796875 0.08203125 0.1359375
1 0.60703125 0.590625 0.06328125 0.08828125
0 0.65625 0.66953125 0.08125 0.1234375
1 0.3234375 0.76015625 0.1203125 0.1609375
1 0.46875 0.44453125 0.05546875 0.0640625
1 0.37109375 0.33125 0.04375 0.046875
1 0.284375 0.640625 0.08359375 0.096875
1 0.32578125 0.26796875 0.03515625 0.03828125
1 0.2578125 0.5296875 0.06953125 0.0796875
0 0.56171875 0.565625 0.05859375 0.09375
0 0.290625 0.56953125 0.08359375 0.0765625
0 0.39296875 0.35625 0.0359375 0.053125
1 0.96171875 0.95859375 0.075 0.08046875
0 0.7015625 0.7453125 0.0734375 0.13671875
1 0.36640625 0.86171875 0.10234375 0.140625
1 0.31796875 0.659375 0.0859375 0.1046875
1 0.49609375 0.478125 0.04609375 0.06640625
0 0.43515625 0.4265625 0.05390625 0.06484375
0 0.3875 0.3921875 0.03203125 0.04375
0 0.33984375 0.33671875 0.025 0.03359375
1 0.34609375 0.30078125 0.03984375 0.034375
0 0.31953125 0.303125 0.0296875 0.0484375
0 0.2984375 0.27421875 0.0203125 0.03359375